number of jobs, number of machines, initial seed, upper bound and lower bound :
          20           5   873654221        1278        1232
processing times :
 54 83 15 71 77 36 53 38 27 87 76 91 14 29 12 77 32 87 68 94
 79  3 11 99 56 70 99 60  5 56  3 61 73 75 47 14 21 86  5 77
 16 89 49 15 89 45 60 23 57 64  7  1 63 41 63 47 26 75 77 40
 66 58 31 68 78 91 13 59 49 85 85  9 39 41 56 40 54 77 51 31
 58 56 20 85 53 35 53 41 69 13 86 72  8 49 47 87 58 18 68 28
number of jobs, number of machines, initial seed, upper bound and lower bound :
          20          10   587595453        1582        1448
processing times :
 74 21 58  4 21 28 58 83 31 61 94 44 97 94 66  6 37 22 99 83
 28  3 27 61 34 76 64 87 54 98 76 41 70 43 42 79 88 15 49 72
 89 52 56 13  7 32 32 98 46 60 23 87  7 36 26 85  7 34 36 48
 60 88 26 58 76 98 29 47 79 26 19 48 95 78 77 90 24 10 85 55
 54 66 12 57 70 82 99 84 16 41 23 11 68 58 30  5  5 39 58 31
 92 11 54 97 57 53 65 77 51 36 53 19 54 86 40 56 79 74 24  3
  9  8 88 72 27 22 50  2 49 82 93 96 43 13 60 11 37 91 84 67
  4 18 25 28 95 51 84 18  6 90 69 61 57  5 75  4 38 28  4 80
 25 15 91 49 56 10 62 70 76 99 58 83 84 64 74 14 18 48 96 86
 15 84  8 30 95 79  9 91 76 26 42 66 70 91 67  3 98  4 71 62
number of jobs, number of machines, initial seed, upper bound and lower bound :
          20          20   479340445        2297        1911
processing times :
 50 90 39 34 66 81 27 48 46 68 48 92 78 84 93 39 43  1 65 87
 78 56  9 43 84 73 66 38 83 57 97 52 77 13 12  2 65 93 39  1
 36 43 10 19 55 48 85 70 82 39 91 82 85 17  6 54 87 85  4 72
 85 88 60 98  4 99 53 21 33 53 63 18 45 29 43 41 80  4 31 19
  9 92 98 44 51  8 31 15 47 31 80 83 20 84 69 49 93 39 13 88
 75 64 96 95 22 41 26 33 68  9 81 28 61 69 37 57 36 80 96 74
 46 94  6 19 20 51 85 92 43 75 70 70 36 31 76 63 89 46 25 88
 73  3 56 73 80 82 36 98 90 46 10 46 65 83 75 47 61 28 59 22
 71 49 36 87  8 25 76 73 80  6  6 33 79 10 93 65 26 73 42 18
  7 40 33 64  5 25 89 95 58 83 28 35 74  5  6  9  3  2 35 41
 49 49 15 18 65 55  1 79 10 37 77 80 79 84 93 21 85 64 46 35
  3 53 59  7 65 58 24 55 26 40 89 94 51 74 54 86 22 83 19 44
 60 88 15 26 11 16 55 59 81 53 92 23 55 79 13 89  2 17 97 41
 12 47 46 17 43 16 91 94 73 89 12 58 25 24 55  1 67  3  1 71
 75 19 60 87 27 48 72 88 48 59 74 86 49 94 15 95 41 94 15 71
 31 61 47 32 34 69 32  1  1 80 19 57 98 37 31 51 66 38 62 72
 70 78 41  9 47 94 26 65 17 42 59 80  7 75 63 96  7 10 47 38
 20 78 38 26 64 62 11 38 68 37 74  9 65 16 38 85 50 62 39 97
 88 30 34 33 21  7 94 10 73 85 82 62 99 67 61 10  4 70 31 49
  9 41 22 34 83 55  3  8 75 30 57 65 89 60 90 84 74 17  2 19
number of jobs, number of machines, initial seed, upper bound and lower bound :
          50           5  1328042058        2724        2712
processing times :
 75 87 13 11 41 43 93 69 80 13 24 72 38 81 83 88 26  6 89 67 70 30 89 30 68 21 78 46 99 10 17 23 83 47 86 18 67 46  4 14  4 20 88 50 84 58 93 76 50 30
 26 37 25 95 49 12 59 17 46 20 52 44 92 75 95 33 10 45  2 62 62 82 29 29 94 20 42 80 94 35  8 41 65  4 71 30 14 32 50 30 27 98 39 84 65 12 58 45 49 15
 48  4 92 92 72 45  5 98 93 17 79 11 16 89 81 92 45 61 39 28 94 87 23  1 55 91 67 91  4 60 38 25 90 93 13 65 25 34 47 98 91 11 46 50 77  5 14 47 80 45
 26 67  4 14 93 54 21 20  6 18 75 25 16 77 28 24 15 77 36 16 32 46 21 81 28 70 89 54 96 62 46 60 19 97 13  7 44  7 73 15 66 70 97 33 97 64 73 28  4 87
 77 94  9 57 29 79 55 73 65 86 25 39 76 24 38  5 91 29 22 27 39 31 46 18 93 58 85 58 97 10 79 93  2 87 17 18 10 50  8 26 14 21 15 10 85 46 42 18 36  2
number of jobs, number of machines, initial seed, upper bound and lower bound :
          50          10  1958948863        3025        2907
processing times :
 46 52 79 45 97 10 44 24 85 75 66 49 95 61 19 47 84 13 11 19 98  2 85 44  7 73 19 69 12 73 85 23 53 16 88  8 26 42 58 63  7  2 44 38 24 76 85 61 32 90
 61 87 51 25 73 93 28 90 94 59 64  2 16 35 53 40 81 26 85  4  4 10 63 96 55 71 66 94  7 15 11 99 37 50 56 69 22 56 67 63 96 74  4 42 40 30 93 36 25 87
  3  1 58 85 33 71 58 56 64 43 48 69 96 35 82 53 64 11 61 36 53 87 88 10 32 38 25 24 90  7 11 49  2 76 17 32 39  9 83 69 67 28 88 23 91 71  3 26 41 96
 51 24 21 57 69 51 50 51 21 19 63 91 11  6 31 63 36 39 57 47 56 65 59  4 10 12 62 43 49 54 87 29  2 18 75 39 77 69 15 78 68 37 22 41 92 67 24 87 91 31
 37 16 42 47 94 14 94 34 72 36 88 51 41 71 94 99 11 97 44 77 69 91 38 25 87  7 66 54 86 49  3 48 44 93 37 82 31 59 78 33 36  3 58 10 98  6 44 62 24 94
 79 93 68 75 37 44 34 39 76 62 74 28 78 43 98 83 91 27  6 82 60 44 43 76 99 66 11 35 52  8 40 62 25 24 30  1 73 27 16 91 33 11 99  2 60 90 36 62 15  3
 83 87 38 38 86 67 23 19 97 78 66 67  7 23 67  8 77 71 85 29 49  3 94 76 95 48  4 37 82 57 61  6 97  5 27 95 46 92 46 52  8 11  7 54 72 57 85 22 87 65
 22 29 99 25 98 55 80 82 33 68 47 74 26 61 95 55 11 42 72 14  8 98 90 36 75 69 26 24 55 98 86 30 92 94 66 47  3 41 41 47 89 28 39 80 47 57 74 38 59  5
 27 92 75 94 18 41 37 58 56 20  2 39 91 81 33 14 88 22 36 65 79 23 66  5 15 51  2 81 12 40 59 32 16 87 78 41 43 94  1 93 22 93 62 53 30 34 27 30 54 77
 24 47 39 66 41 46 24 23 68 50 93 22 64 81 94 97 54 82 11 91 23 32 26 22 12 23 34 87 59  2 38 84 62 10 11 93 57 81 10 40 62 49 90 34 11 81 51 21 39 27
number of jobs, number of machines, initial seed, upper bound and lower bound :
          50          20  1539989115        3875        3480
processing times :
 52 95 42 75 44 57 89 53 84 62 91 14 95 89  4 95  2 97 68 20 33 51 98  8 85 86 73  4 40 98 12 59 44 46  2 41 28 83 28 21 80 71  4 60 34 55 53 96 37 37
 63 99 69 70 53 21 10 31 80 18  5 18 17 71 90 93 14 49 52  7 78 57 41 75 98 93 33 75 68 33 60 82 24 99  4 97 24 50 55 91 46 58 17 47 82  6 15 91 74 42
 82 21 79 95 46 23 40 95 87 37 24 24 65 62 19 67 66  6 65 59  2 67 82 90 30 63  5 93 53 85 81 73 34 74 13 78 35 20 16 48 12 11 80  9 24 76 32 35 66 48
 16 26 46 66 76 31 36  8 37 21  3 76 67  5 47 72 66 56 95 49 47 26 81 56 76 66 36 53 26 52 29 36 68 21 71 61 71 69 28 86 27 41 86 55 17 62 96 59 53 93
 63 55 59 35 21 59 78 25 30 38 78 79 58 44 38 76 70 72 85  8 10 84 42 67 20 24 75 23 33 60 20 75 83 26 92 29 39 14 74 66 86 10 27  8  7 97 84 56 61  9
 94 34 89 62 47 66 76 15 18 54 24 55 96 10 12 96 53 92 77  6 91 14 41 30 85 17 23 60 76 39 85 10 65 15 55 41 28 93 88 27 77 81 19 76 55 67 65  8 18 56
 79 21 93 32  8 45 37 78 26 98 17 25 21 28 68 24 62 89 60 64 38 90 87  1 99 34  9 22 74 14 14 84 75 37 32 29 32 89 12 47 19 97  7 12 43 89 14 33 56 57
 22  6 24 55 48 57 78  5 50 83 70 21 71 58 36 50 31 86 29 30 93 49 83 89 44 38 62 45 22 85 39 98 56 68 84 77 67 53 46 24 52 96  2 88 33 27 49 78 82 65
 80 13 64 77 17 78 82  4 72 93 68 25 67 80 43 93 21 33 14 30 59 83 85 85 70 35  2 76 46 72 69 46  3 57 71 77 33 49 59 82 59 70 76 10 65 19 77 86 21 75
 96  3 50 57 66 84 98 55 70 32 31 64 11  9 32 58 98 95 25  4 45 60 87 31  1 96 22 95 73 77 30 88 14 22 93 48 10  7 14 91  5 43 30 79 39 34 77 81 11 10
 53 19 99 62 88 93 34 72 42 65 39 79  9 26 72 29 36 48 57 95 93 79 88 77 94 39 74 46 17 30 62 77 43 98 48 14 45 25 98 30 90 92 35 13 75 55 80 67  3 93
 54 67 25 77 38 98 96 20 15 36 65 97 27 25 61 24 97 61 75 92 73 21 29  3 96 51 26 44 56 31 64 38 44 46 66 31 48 27 82 51 90 63 85 36 69 67 81 18 81 72
 71 90 59 82 22 88 35 49 78 69 76  2 14  3 22 26 44  1  4 16 55 43 87 35 76 98 78 81 48 25 81 27 84 59 98 14 32 95 30 13 68 19 57 65 13 63 26 96 53 94
 27 93 49 63 65 34 10 56 51 97 52 46 16 50 96 85 61 76 30 90 42 88 37 43 88 91 14 63 65 74 71  8 39 95 82 17 38 69 17 24 66 75 52 59  4 73 56 19 39 51
 95 53 54 22 84 54  2 80 84 66 25 16 79 90 51 29 29 90 83 83 19 95 87 12 34 23 44 30 82 83 42 56 89 38 96 10  3 53 97 11 65 47 76 22 17 14 11 69 91 53
  3 80 78 32 53 43 85 19 48 49 66 22 37 51 82 59 88 77 19 32 52  9 96 23 64 22 37  3 52 44 11 21 85  6 40 68 30 35 58 31 11 11  6 59 64 65 23 80 75 63
 92 62 11 83 87 66 98 42 23 45 52  6  3 64 55 97 83 42 81 92 68 46 56 88 50 13 23 13 49 18 50 94 71 64 31 21  2 63 58 36 64 52  8 94 51 36 82 30 17 21
 80 38 55 34 85 44 47 66 19 66 61 60 98 82 79 71 28 74 27 33 13  9 12 51 16 49 83 48 13 78 96 77 68 88 77 76 73 92 72 87 66 98 40 31 75 45 98 90  4 23
 61 86 16 42 14 92 67 77 46 41 78  3 72 95 53 59 34 66 42 63 27 92  8 65 34  6 42 39  2  7 85 32 14 74 59 95 48 37 59  4 42 93 32 30 16 95 58 12 95 21
 74 38  4 31 62 39 97 57  9 54 13 47  6 70 19 97 41  1 57 60 62 14 90 76 12 89 37 35 91 69 55 48 56 84 22 51 43 50 62 61 10 87 99 40 91 64 62 53 33 16
number of jobs, number of machines, initial seed, upper bound and lower bound :
         100           5   896678084        5493        5437
processing times :
 73 84 57 52 66 67 33 62 65  7  6 31 42 82 48 45 79 86 10 47 67 86 64 38 13 69  4 21 25 74 11 85 50 21 93 98 91 26  4 28 61  8 55 68 30 26 81 95 49  6 82 71 61 84 29 44 83 12 54 19 52 59 74 42 60 43 80 34 74 46 40 27 79  1 98 44  8 55 55 27 69 79 97 39 54 75 88 87 97  4 79 59  7 89 61 42 79 85 66 99
 34 46 97 88 52 49 88 15 55  6 77 49 46 14 35 40  1 70 46 28 73 24 44 55 94 52 40 76 92 22 46 19 18 50 31 41 51 73 22 21 79 93 98 89 44 64 93 66 14 10 36 36 69 79 90 51 81 16 28 26 97 33 77 68 28 46 16 96 59 56  4 52 89 84 42 37 90 51 84 16 39 16 37 19 15 68  7 58 47 27 82 72  1  7 22 40 59 16  7 72
  8 37 38 30 20 68  4 78 41  2 62 38 95 82 96 56 61 34  1  9 57 80 58  7 56 31 92 84 25 20 65 36 67 96 35 59 76 66 83 37 33  2 95 20 84 43  4 44 74 92 55 98  8 30 18 28 54 68 42 28 12 57 81 19 16 88 75 11 57 99  4 51 26  6 16 71 52 96 89 79 91 57  2 33 42  1 40 76 85 99 65 98 78 61 83 30 14 62 41 91
 62 86 46  3 22 33 90 94 98  9 84 69 26 22 49 90 81 12 54 53 18 56 43 50 82 18 89 49 20 76 90 64 89 16  3 12 45 67 97 80 97 92 56 50 95 25 52 21 47  4 67 62 63 25  3 55 87 84 28 73  8 38 80 53 70  9 87 33 11 65 92 34 64 96 67 54 26 32 10 91 90 31  7  6 77 91 42  5 46 54 56  1 24 62 47 63 39 63 95 45
 10 60 34 96 79 62  6 15 94 39 85 17 55 59 48 11 63 98 33 49 41 82 12 61 94 80 84 18 68  6 98 47  6 55 73 70 56 46 50 90 89 88 50 99 41 36 16 84 98 44 42 43 62 49 22 16 14 55 45 20 35 89  7 64 36  5 63  8 76 95 40 51 98 77 92 35  3 56  1 17 70 45 87 37 70 84 69  7  5 97 47 12 54 84 49 89 86 37 52 85
number of jobs, number of machines, initial seed, upper bound and lower bound :
         100          10  1539989115        5770        5759
processing times :
 52 95 42 75 44 57 89 53 84 62 91 14 95 89  4 95  2 97 68 20 33 51 98  8 85 86 73  4 40 98 12 59 44 46  2 41 28 83 28 21 80 71  4 60 34 55 53 96 37 37 63 99 69 70 53 21 10 31 80 18  5 18 17 71 90 93 14 49 52  7 78 57 41 75 98 93 33 75 68 33 60 82 24 99  4 97 24 50 55 91 46 58 17 47 82  6 15 91 74 42
 82 21 79 95 46 23 40 95 87 37 24 24 65 62 19 67 66  6 65 59  2 67 82 90 30 63  5 93 53 85 81 73 34 74 13 78 35 20 16 48 12 11 80  9 24 76 32 35 66 48 16 26 46 66 76 31 36  8 37 21  3 76 67  5 47 72 66 56 95 49 47 26 81 56 76 66 36 53 26 52 29 36 68 21 71 61 71 69 28 86 27 41 86 55 17 62 96 59 53 93
 63 55 59 35 21 59 78 25 30 38 78 79 58 44 38 76 70 72 85  8 10 84 42 67 20 24 75 23 33 60 20 75 83 26 92 29 39 14 74 66 86 10 27  8  7 97 84 56 61  9 94 34 89 62 47 66 76 15 18 54 24 55 96 10 12 96 53 92 77  6 91 14 41 30 85 17 23 60 76 39 85 10 65 15 55 41 28 93 88 27 77 81 19 76 55 67 65  8 18 56
 79 21 93 32  8 45 37 78 26 98 17 25 21 28 68 24 62 89 60 64 38 90 87  1 99 34  9 22 74 14 14 84 75 37 32 29 32 89 12 47 19 97  7 12 43 89 14 33 56 57 22  6 24 55 48 57 78  5 50 83 70 21 71 58 36 50 31 86 29 30 93 49 83 89 44 38 62 45 22 85 39 98 56 68 84 77 67 53 46 24 52 96  2 88 33 27 49 78 82 65
 80 13 64 77 17 78 82  4 72 93 68 25 67 80 43 93 21 33 14 30 59 83 85 85 70 35  2 76 46 72 69 46  3 57 71 77 33 49 59 82 59 70 76 10 65 19 77 86 21 75 96  3 50 57 66 84 98 55 70 32 31 64 11  9 32 58 98 95 25  4 45 60 87 31  1 96 22 95 73 77 30 88 14 22 93 48 10  7 14 91  5 43 30 79 39 34 77 81 11 10
 53 19 99 62 88 93 34 72 42 65 39 79  9 26 72 29 36 48 57 95 93 79 88 77 94 39 74 46 17 30 62 77 43 98 48 14 45 25 98 30 90 92 35 13 75 55 80 67  3 93 54 67 25 77 38 98 96 20 15 36 65 97 27 25 61 24 97 61 75 92 73 21 29  3 96 51 26 44 56 31 64 38 44 46 66 31 48 27 82 51 90 63 85 36 69 67 81 18 81 72
 71 90 59 82 22 88 35 49 78 69 76  2 14  3 22 26 44  1  4 16 55 43 87 35 76 98 78 81 48 25 81 27 84 59 98 14 32 95 30 13 68 19 57 65 13 63 26 96 53 94 27 93 49 63 65 34 10 56 51 97 52 46 16 50 96 85 61 76 30 90 42 88 37 43 88 91 14 63 65 74 71  8 39 95 82 17 38 69 17 24 66 75 52 59  4 73 56 19 39 51
 95 53 54 22 84 54  2 80 84 66 25 16 79 90 51 29 29 90 83 83 19 95 87 12 34 23 44 30 82 83 42 56 89 38 96 10  3 53 97 11 65 47 76 22 17 14 11 69 91 53  3 80 78 32 53 43 85 19 48 49 66 22 37 51 82 59 88 77 19 32 52  9 96 23 64 22 37  3 52 44 11 21 85  6 40 68 30 35 58 31 11 11  6 59 64 65 23 80 75 63
 92 62 11 83 87 66 98 42 23 45 52  6  3 64 55 97 83 42 81 92 68 46 56 88 50 13 23 13 49 18 50 94 71 64 31 21  2 63 58 36 64 52  8 94 51 36 82 30 17 21 80 38 55 34 85 44 47 66 19 66 61 60 98 82 79 71 28 74 27 33 13  9 12 51 16 49 83 48 13 78 96 77 68 88 77 76 73 92 72 87 66 98 40 31 75 45 98 90  4 23
 61 86 16 42 14 92 67 77 46 41 78  3 72 95 53 59 34 66 42 63 27 92  8 65 34  6 42 39  2  7 85 32 14 74 59 95 48 37 59  4 42 93 32 30 16 95 58 12 95 21 74 38  4 31 62 39 97 57  9 54 13 47  6 70 19 97 41  1 57 60 62 14 90 76 12 89 37 35 91 69 55 48 56 84 22 51 43 50 62 61 10 87 99 40 91 64 62 53 33 16
number of jobs, number of machines, initial seed, upper bound and lower bound :
         100          20   450926852        6286        5851
processing times :
 12 72 29 16 22 61 69 71 86 16 54 53 64 96 79 68 98 87 40 74 22 23 47 55 21 90 68 14 42 41 40 63 23 75  4 31 87 25 47 70  1 49 59 11 93 38  5 43 82 33 26 89 86 10 16 72 96 47  9 56  8 69 87 84 62 52 82 66 67 33  3 53 95 42 59 77 38 12  1 66 24 17 58 71 88 63 60 86  8  8 44 99 80 76 94 75 63 57 76 34
 27 97 53 16 36 28 50 41 42 86  2 45 86 43 92 73 99 84 83 61  7  8 62  3 21 50 71 95 70 60  4 58 16 30 80 71 59 75 52 25 86 48 53 54 98 36  9 78 80 88 52 30 62  8 45 77 90 52 39 95 86 15 98 59 22 43 85 93  6 46 51 97 79 46 71 18 33 13  3 32 28 48  8 42 26 26 95 44 74 82 28  4 42 81 56 38 50 12 43 51
 24 57 68 58 76 70 72 56 56 55 89 23 42 26 87 17 38 24 82 55 47  7 99 89 20 65  3 45 89 96 16 42 70 69 77 46 20 71 91  8 34 72 40 82 60 59 59 43 72 10 63 67 12 41  5 25 67 95 46 37 41  2 25 99 48 24 18 10 23 66 82 84 14 13 88  7 40 20 68 22 92 53 16 10 23 88 65 11 89 78 94 32 64 42 74 87 63 94 87 72
 42 16 44 75 32 66 31  6  6 52  7 92 45 70 72 48 86 63 61 92 73 49 53 20 97 58 59 29 98 61 83  8 83 73  2 56  7 15 55  3 73 13 47 76 15 43 44 13 16 18 16 18  3 11 98  9 28 44 14 39 76 92 59 95 11 55 56 16 56 23 84 22 32 40 47 92 61 51 74 85  6 13 32  8 43 30 53 24  2 11 33 27 35 40 40 96 69 23 32 13
  5 42 47 47 47 78 94 18 14 97 54 73 94 17 97  7 94 94 68  4 60 70 68 22 17 59 98 55 76  3 21 10 11 44 29 43 60 14 46  3 60 72 90  1 42 74 54 41 15 38 24 91 49 23 63 88  1 30 85 22 94 39 70 85  7 65 43  4 60 90 73 21 25 33 48 25 27 37 63 28 88 27 94 20 54 17 74 35 15 53 64 38 79 45 67 93 16 59 47 95
 27 69 38 66 21 65  3  7 10 11 41 64  9 15 71 86  2 26 57 78 84 20 21  3 39 64 51 83 12 16  3  1 88 80 77  2 14 60 45 39 32 97 98 65 86  6 14 99 93 54 54 92 57 39 13 70 73 16 43  9  2 76 38 66 21 32 78 41 52 88 76 14 86 35 81 32 75 38 55 96 19 35 41 77 36 24 52 60 43 30 86  6  8 31 80 82  2 59 47 21
 51  9 22 15 84 38 71 11 45 48 29 31 14 56 59 35  7 20 48 88 54 30 81  2  1 78  8  8 71 60 41 39  8 96  3 79 48 23 38 85 32 69 56 99 51 59 47 79 67 83 58 49 50 19 64  5  5 52 15 26 67 11 77 74 88 83 96 73 59 94 15 50 20 54 16 33  9 74 11 21 97 15 43  2  1 74 37 61  3 75 41 86 51 65 42 50 48 88 52 46
 48 44 73 95 72 12 30 22 25 92  5 44 90 35 24 64 82  7 34 91 59  5 47 96  7 53 60 77 61 14 88 97 92 65 73 19 99 92 19 66 25 79 36 10 23 37 76 83 58 99 29 35 49 89 79 82 92 45 42 21 51 30 70  2 20 82 13 92 91  2 80 38 54 45 19 65 35 66 26 18 32 51 23 18 87 74 10 76 31 31 93 61 26 39 83 11 57 81 40 97
 42 18 31 18 55 82 64 36 48 74 17 60 18 88 37 29 19 51 20  7 43 77 95 92 27 70 91 74 62 80 85  8 39 85 83 76 31 12 69 26 54 91 61 27 88 53 47 39 14 78 90 90 50 64 94 79 10 18  7 26 51 23 43 95 57 30 86 80 55 76 12 91 95 28 12 18 80 32 67  2  4 30 64 69 76 92 50 35 20 23 52 25 82 18  2 29 70  7 36 96
 31 49 78 23 37 34 43  7 69 97 15 38 80 78 89 95  1 18 11 11 92 99 81 79 53 47 48 32 58 33 65 86 60 47 89 40 72 54 29 57 93 65 39  8 87 57  5 56 80  2 17 84 86 65 53  5 16 58 60 78 25 71 93 99  6 62 60 33 57 79  7 69 82 26 41 52 38 21 84 74 76 16 75 75 36 79 71 82 70 22 39  8 22 79 90 55 77  3 20 61
 48 92 43 35  7 51 85 66 87 71 16 40 22 12  2 90 63 52 15  6 18 87 66  7 43 27 78 80 73 86 82 33 92  8 87 64  7 26 79 49 71 72 69 30 28 46 75 78 34  4 23 69 33 11  5 54 42 12 40 30 51 94 24 28 84 69 44 98 36 21  9 48 30 15 21 43 91 49 86 36 41 10 75 56 70 73 57 51 34 62  3 34 27 29 25 97 30 28 48 99
 51 84 28 63 86 99 27 24 36 83 24 54 34 49 43  5 70 56 71 12 30 77 55 92 78 79 52 19 16 21 37 85 56 29 56 23 19 52 39  4 46 59 22 76 34 63 32 72 92 72 26 46 30 49  3 81  4 46 95 20 56 57 85 31 44  1 11 72  6 68 62 18 21 48 32 42 79 74 82  3 64 90 10 72  2 49 88 53 59 88 97 98 94 95 93 95  6  1 15 66
  8 37 33  4  8 38 97 75 76 93 69 10 25 40 88 90 57 39 29 97 51 97  5 75 91 80 81 60 97 14  2 55 97 60  8 30 87 42 16 56 86  4 30 15 24 23 57 81 77 43 82 97  3 46 86 62 26 56 67 87 46 66 53 34 52 81 68 48  4 25 76 46 13 72 72 82 32 25 58 17 99 54 81 73 93 73 79 54 72 37 68 22 94 37 15 31 46 33 82 75
  1 77 92 57 46 75  2 14 14 79 64  8 73 15 71  6 54 59 49 38 21 60  8 35 81 96 61 89 58 32 59 89 99  7 79 38  1 67 63 42  3 29 23 21 25 48 33 92  2 12 32 38 67 93 80 75 59 51  7 65  6 59 30 67 41 32 63  7  8 89 51 81  9 13 27 74 59 98 31 98 48 74 76 75 78 11 71 54 10 96 97 75 41 30 73 84 22  8 98 68
  1 59 53 22 10 48 94 46 57 55 66 69  7 13 64 83 39 46 59 36 69 47 83 25 12 28 30 49 81 56 96 89 73 52 12 98 12 40 70 35 58 95 41 71 90  3 68  5 18 26  2 21 86  8 33 88 33 65  8 89 46 76 57 51 58 62 59 71 12 11 82 56 57 53 45 96 31 39 12 13  8 49  4 33 22 30 34 19 24 56 96 35 43  8  5 65 64 20 54 38
 28 81 96 99 79 97 15  6 77 98  5 51 51 60 17 98 46 87 44 18 71 93 97 44 18 59  9 45 78 67 65 50 87 29 80 14 70 10 30 19 51  4 23  9 62 30 20 69 88 22 43 63 67 22 82 41 69 81 21 54 42 53 52 26 69 80 46 10 81 99  6 90 79 34 56 75 54 94 84 55 64 14 18  6 27 20 54 30 58 35 66 85 78 15 29 31 45 41 84 51
  4 40  5 37 80 46 14 81 16 10 79 35 41 83 13 93 55 48 35 75 66 82  3 79 78 48 99 91 29 87 27  2 48 33 92 15 55 24 59 41 49 88 67 49 81 89 43 24 70 74 44 23 89 96 80 44 69  7 10 15 55 27 55  2 82 42 88 84 38 69 31  5  3 37 14 35 61 43 38 48 89 86 37 20 33  1  8 61 41 40 10 10 75  9 81 40 13 10 53 28
 44  6 18 51 77 47 27 17 42 84  3 69  3  6 94 58 65 36 28 68 73 81 12 89 53 14 88 78 63 81 29 15 81 84 36  8 60 24 57 87 61 57 85 45 69 15  7 87 58 61 82 73 84 63 14 73 84  9 38 67 76 18 70 69  4 58 66 11  1 51 38 16 81 39 56 83 27 29 93 70 64 22 84 25 73 81 10 46 32 38 68 40 33 79 64 36 62 82 44 99
  6 49 84 72 39 51 77 59 97  5 83 51  9  9 59 30 86 49 46 13 45 51 68 82  6 99 12  8 36 24 82 73 66 69 71 70 61 42 77 10  2  6 24 97 15 91 32 68 17  1 49 25 46 37 56 50  9 62 10 89 66 98 10 70 92 36 82 54 34 34  5 12  3 56 44 41 14 25 78 25 89 83 78 23 51  7 20 30 30 30 63 82 40 39 37 44  2 27 71 45
 57 88 88 43 25 81  3  3 78 97 74 71 50 70 23 43 51 97 57 77 90 58 75  4 12  2  4 28 54 39 30 71 89 33 85  2 69 20 64 94  3 41 37 36 74 53 49 77 13 37 34 31 15 32 45 50 81 46 93 13 47 50 70 21 41 12 18 28 22 60 69 49 38 80 52 45 34  3 61 96 99 49 78 34 78 79 64 55 63 24 58 25 93 73 45 93 37 64 92 59
number of jobs, number of machines, initial seed, upper bound and lower bound :
         200          10   471503978       10868       10816
processing times :
 17 37 22 71 79 37 69 53 59 64 11 67 27 64 59 31 43 42 56 88 71 86  6 54 92 75 83  2 60 62 83 73 55  3 71 34 40 13 62 56 28 53 71  5 73 95 23 49 17 81 88 62 35 78 90 36 46 98 75 36 74 86 67 87 68  1 87 87  7 34  1 91  7  6 46  3 45 55 92 67 13 30 27 19 51 86 20 95 79 48 83 91 78 41 61 90 57  4 21 68 87 62 69 79 69 35 25 68 14  9 74 61 58 81 52 93 44 57 89 81 69 98 78 70  3 70 62 81 61 65 65 33 62 19 57 82 78 94 65 14  9 29 70 90 86 12 40 12 64 32 18 11 40 14 22 49 95 82  7 19 95 39 71 34 89 63 85 60 91 49 46 10 19 50 65 41 58 62 45 67 64  6 77 94 24 38 73 59 61 14 59 83  3 46 16 56 40  7 79 55
 30 26  2 29 98 67 92 51 53 82 86 47 36 23 34 66 43 71 31 36 41  6 28 43 18 64 28 13  7 13 93 93 56 72 71 28 95 96 55 58 66  3 77 80  2 82 86 16 29 24 89 96 99 15 49 78 48 64  3 63 14 95 88  9 61 24 38 50 47 42 30 97 49 79 19 80 30 24 58 43  6 95 43 99 22 99 11 99 60 42 33 68 78 26 77  1 13 67 87 31 49 90  6 76 94 76 79 66 51 14 89 87  1 65 53 19 21 98 90 45 77 54 86  2  3 88 39 56 24 91 86 80 58 54 57 42 32  5 43 80 86 47 95 86 40 31 61 12 64 17 52 56 35 60 75 10 50 66 53 58 12 66 81 51 75 71 46 88 58 73 27 26 38 48  8 14 58 89 44 16 20 69 67 80 81 82 27  5 44 38 53 16 48 16 31 79 75 14 67 70
 28 82 88 33 69 28 92 66 92 30 67 53 93 45  7 70 58 58 17 41 56 34 62 81 44 95 50 88 19 50 25 88  1  6 45 29  2 54 71 81 22 57 16 88  5 52 23 21 21 58 96 37 46 78 87 91  9 96 93 98 31 78 20 75 18 34 48 49 69 88 30 34 22 81 50 40 73 91  7  1 71 72  8 68 49  7 47 90 59 39 49 28 22 10 96  2 88 90 69 44 74 16 90  7 14 47 48 36 62  1 63 86 49 48  3 51 80 86 97  4 58 79 28 19 93 88 44 74 18 95  2 22  7 82 52 17 59 42 51 79 93 65 27 25 60 72 29 55 58 22 58 61 89 67 14 10 40 11 99  7 20 78  6 71 48 39 58  7 17 63 73 43 14 66 59 75 96 28 12 99 63 19 26  8 72 55 67  1 23 35  6 89 93 88 86 37 53 45 32 69
 15 67 57 64 23  9  1  2 43 73 94 96 78 14 32 23 83 29 75 55 91 44 46 59 11 20 68  3 17 55 59 18 31 84 61 55 46 77 59 98 23 18 17 70 73 38 13 77 74 79 51 48 16 93 29 28  6 82 40  9 88 51 48  1  4 77 48  6  1 32 79 40 14 20 86 40 25 94 73 44 98 94 61 65 44 75  4 17  1 12 78 51 55 53 96 92 82 20 22 13 40 43 23 30 16 76 30 59 64 72 61 13 81 25 90 67 21 70 96 99 64 68 61 36 57 86 10 57 88 59 73 43 25 37 70 97 29 33 99 34 96 65 90 52 95  3 64 21 16 70 67 13 96 57  7 30 96 98 72 31 11 36 10 20 26 67 13 60 50 28 32 49 54 46 15 49 94 63 96 43 73 19 19 81 82 69 13 85 32 34 57 69 63 49 56 37 54 60 97 44
 52 82 17 66 62 57 58 91 42 69 48 46 18 94 83 48 81 57 93 67 19 65 49 45 22 92 41 38 26  2 90 79 17 61 81 67 18  1 36 31 85 92  6 78 83 39 74 77 85 88 25 33 36 32 82 98  3 46 68 11 30 75 42 93 36 97  1 63 86 54 33 71  1 18 75 55 62 21 71 80  5 48 87 22  5 71 69 75 72 36 54 24 55  5 40 56  8 19  7 12 44 66 39 41 60 11 31 65 16 67 19 69 56 96 78 36 56 12 37  1 50 43 58 13 55 87 20 84 28 59 65 56  2 36 41  7 23 25 81  6 67  5 89 71 86 48 50 54 21 83 27 38 79 71 53  2  9 49 79 39 28 39 70 72 70 38 48 57 11 38 37 56 64 64 68 27 36 94 65 89 23 93 14 57 93 60 82 16 69 57  8 52 98 67 19 56 38 75 69 14
  5 44  2 98 27 10 25 27 41 59 89 36 62 29 17 37 35 47 37 52  3 87  4 50 96 74 68 30 69 17 34 95  3 24 51 55 60 61 15 38 83 62 84 44 80 48 45 54 71 10 96 23  8 56 35 72 53 13 72 38  1 69 85  2 28 18 10 70 67 95 72 64 19 60 31 29 43 17 78 28 47 78 77 92 42 86  6 19 28 18  4 24 57 82  7  4 94  9 57 82 98 54  2 71 94 69 51 80 79 85 56 79 46 71 85 52 42 66 82 91 48 70 21 82 12 94 17 45 68 60 93 30  5 31 30 71 29 82 20 13 94 47 57 95  8 46 80 32  7 34 33 33 18 29 19 74 58 52 10 70 78 59 32 20 12 98 18 12 57 73 91 46 64 92 45 86 84 15 99  8 87 61 42 25 35 64 74 40 89  4 43 12 28 68 46 23  3 70 81 14
 53 43 43 56 48 83 34 93 95 48 63 93 91 94 32 81 69 29 44  2 66 25 60 69 44 34 68 77 31 10 57 21 56 36 26 11  6 86  2 89 28 62 63 52 12 13 43 99 11 70 82 14 39 83  4 86 93 87 82 78 32 82 24 88 45 48 67 14 34 76  1 51 15 67 57  3 37 15 50 75 80  3  9 28 44  2 71 89 24 73 28 98 17 27 90  4 13 83 43 63 68 74 12 69 38 74 98 86 72 76 53 94 45 30 39 60 69 12 83 21 25 50 47 43 58 11 63 74  6 23 94 93 26 49 30 50 47 89 43 32 45 47 68 13 86 97  2 16 27 38 53 37 94 78 84 49 25 59 36 33 15 36 47 83 24 71  7  6 55 43 82 40 78 64 96 27 99 11 91 78 97 23 48 20 99 39 53  3 65 81 47 25 36 44 29 85 26  4  9 59
 55 65 38 76 45 99 84 67 40 93 70 45 75 91 21 72 15 73 43 62 40 43 96 39 23 79 66 19 41 71 60 72 62 17 25 59 95 47 10 94 39 53 50 99 63 59 30 67 18 12  9 41 67 52 39 90 25 13 81  3  8 66 67 51 54 85 10 95 59 64 90 28 48 57 85 78 18 59 11 67 36 24 59 24 39  1 80 58 76 59 90 92  3 51  1 55 50 15 31 99  8 44 91 83 75 66 98 77  8  6 26 47 55 39 91 78 49 23 92 68 88  9 38 60  2  8 86 62 41 66 94 54  9 75 43  9 10 79 10 97 39 30 74 52 90 12 61 34 88 27 68 14 88 74 71 14 16 46 47 54 91 89 59 39 52 91 21 90 58 74 30 63 19 18 88 22 43 60 20 32 67  1 42 95 84 37 30 12 87 13 60 92 52 51 91 76 32 81 57 71
 81 44 46  3 93 14 86 23 59 47 76 45 64 10  4 29 69 46 68 89 48 68 13 36 85 35 25 21 44 40 20 83 76 26 50 98  6 83 51 46 99 65 46 24 47 24 32 66 48 83  3 74 97 39 80 27 70 65  1 26 46  8 74 47 19 85 62 33 96 33  5 23 43 63 10 47 73  1 19 92 31 29 68 31 92 48 87  8 90 57 40 25 49 26 35 90 99 30  5 52 12 11 72 32 81 21 81 64 45  4 10 90 11 88 52 96 92 44 54 28 85 51 21  4 42 43 55 89  4  1 97 65 38 87 58 47 53 51 40 80 20 24 77 37 13 29 28 18 22 75 24 79 99 35 45 95 46 15  7 24 45 20 35 61 97 69 78 13 53 16 94 59 64 72 13 47 22  9 68  4 67 92 49 23 37 16 39 47 94 71 36 72 67 78 13 68 36 69 28 69
 47 51 44 27 76  4 76 49  5 25 23 67 55 40 58 26 36 83 65 91 77 62  6 57 87  4 11 60 23 87 50 18 23 24 82 16 96 37 29 19 26 56 33 53  6 95 63 84 13  6 19 16 80 37 20 62 81 52 14 67 19 86  1 53 21 33 68 28 25 69 71 60 69 99 53 77 27 29 83 22 10 42 64 80 73 91 38 60 53 38 19 14 35 10 44 97 17 50 22 19 70 88 31  7 81 58  2 89  1 80 52 15 25 11 97 90 62 69 34 66 54 84 62 71 70 60 54 52 71  9 99 41 30 23 60  1 67 55 64 21 16 94 11 90 48 85 34  7 79 95 50 78 39 79 69 27 42 15 51 44 71 32 66 49  8  7 44  1 15  6 51 91 33 77 69 28  8  8 48  7 55 51 89 61 82 39 89 47 24 79 86 60 67 10 61 60 68 72  9 47
number of jobs, number of machines, initial seed, upper bound and lower bound :
         200          20  2013025619       11294       10979
processing times :
 68 40 43 72 87 59 67 89 84 43 92 90 23 20 97 57 33  7 69 56 16 41  7 74 54 67 15 85 83 42 29 64  3  9 35 24 72 70 47 78 60 11 60  5 24 52 39 14 65 99 69 96 54 37 35 19 10 88 61 95 18 49 69 86 28  6 40 88 94 78 43 31 54 80 11 27  3 32  2 49 27 81 18 83 84 49 64 20 52 42 51 66 95 18 37 70 22 87 67 15  1 37 91 59  2 44 29 37 30 20 19 79 41 79 49 21 97 86 15 57 76 14 57 80 93 31 66 30 82 11 71 94 35 71 76 76 26 31 58 31 98 26 92 11 72 46 20 38 57  5 19 65 35 89 41 15 99 19 74 63 92 29 47 80  7 43 89  9 99 38 76 52 48 55 17 63 92 77 31 44 76 18  7 40 47 73 41 70 86  8 63 77 91 24 19 63 72 17 46 66
 10 76 75 29 10 86 62 26  1 62 89  2 62 96 99 91 85 42  7  4 23 74 83 41 63 99 55 37 23  1 84 46 31 93 79 32 71 60 42 24 51 98 64 85 31 11 95 58 57 28 76 40 96 54 91 90 41 72 37 38 64 98 36 20  3 41 93 44  3 19 66 55 66 68  1  5 59 64  1  5 11 46 10 56 25 95 12 48 11 45 25 62 12 67 17 59 30 73 34 27 50 87 77 88 80 75 41 84 24 27 52 73 75 23 52 97 40 50 95 34  2 76 26 48 16 20 86 62 54 50 26  4  4 59 24 14 49 35 78 77 72 10 87 24 26 46 40 86 40  8 39 11 96 74 22 22 50  6 95 83 70  1  8 94 65 70 61 80 82 23 51 92 25 23 40 69 42 13 17 27 74  7 25 73 81 84 40 28 86 17 66 33 20 84 23 73 25 87  2 15
 77 30 88 21 29 12  2 95 24 20 66 82 45  4 22 81 56 85  3 82 94 72 96 55  3 63 65 20  4 95 20 57 38 46 76 10 79  7 12 60 85 73 18 75 77 71 83 63 52 66 30 71 57 83 34 31 11 50 22  7 82 34  5 62  3 68 35 79 10 60 67 10 87 25 24  4 36 44 22  8 49 97  8  9 18 34 54 42 70 59  8 29  6 42 33 67  7 64  7 60 79 26 57 98 27 66 89 90 44 91 36 66 71 32 80 25 32 39 38  5 97 56 65 14 58 35 97 24 46 91 53 29 72 43 62 27 57 14 92 69 61  8 78 43 53  2 72 23 85 49  6 34  6 51 17 66 31 58 84 70 87 99 88 60  4  2 99 79 49 53 16 64 72 59 62 66 92 28 72 50 80 48 12 32 76 33 65 18 88 60 67 54 61 72 50 42 30 24 27  6
 68 48 56 54 38 65 56 29 21 99 34 25 66 54  1 52 23 50 61 36 60  1 57 38 68 45 85 13 55 98 12 97  6 94 43 86  2 84 94 28 68 45 43 89 86  8 32 62 11 36  3 23 79 99 57  4 69 69 30 99 51 66 33 13 89 73 26 25 88 70 72 56  1  6 97 57 64 40  4 71 84 50  1 30 84 33 69 19 37 25 27 71 55 19 43 80 93 76 52 26 70 36 23 72 23 28 14 48 54 86 81 12 26 76 41 89 70 54  6 65  7 14 88 98 57 19 72 41 40 62 47 65 14 99 65 14 99 65 62 30  6 80 52 35 25 54 44 40 99 21 74 10 46 99 88 91 57 85 62 46 88 11 27 35 50 68 58 47 44 37 76 30 98 57  7 15 84 39 62  1 41 59 92 51 82 49 78 87 60 55 57 70 11 62 53 95 97  9 85 17
 26 97  5 89 77 47 60 12 96 63 27 87 46 10 97 59 58 73 11 31 41 23 36 54  7 31 90 83 65 61 15 10 61 55 81 87 81 50 43 67 54 79 26 64 83 56  8 78 27  1 97 35 29 22 16 87 79 82 65 62 99 22 79 37 31 30 40 93 22 91  8 44 95 93 83 38 74 24 50 75 60 15 73 68 63 79 40  2 45 94  3 16 29 55  3 72 87 64 33 64 64 32 23 94 93 69 75 65 68 93  4 91 15 83 38 34 67 24 78 41 87 55 83  5 34 16 57 66 23 13 35  8 17 20 18 66 10 48 71 64 97 59 25 67  5 15 33  6 27 34 12 28 15 36 22 82 43 97  6 28 65 45 73 63 41 12 11 85 82 41 87 84 25 59 89 86 15 17 44 71 15 10 68 58 33 14  3 89 94 19 33 55 55 37 26 22 75  4 82 30
 99 58 61 33 30 49 54 36 38 63 97 45 65 26 76 23 40 91 51 41  8 42 71 20 54 19 32 65 27 20 99 81 87  4 10  2 61 10 22 59 45  8 27 24 53 53 84 46 17  5 77 96 41  3 99 99 37  2 10 40 63 29 82 14 39 11 18 44 37 77 40 81 28 52 64 21 39 97 37 40 75  9  4 69 22 54 86 41 59 56 76 47 53 38  6 26 27 81 17 87 22 32 34 37 58  7 53 70 20 88 34 34 27 40 46 38 35 99 65 58 17  5 41 46 14 10 70 44 97 79 50 57 68 80 47 27 12 24 88  3 98 29 23  8 55 86 98 90 46 22 19 24 95 75 97 95 99 78 30  6 86 59  7 61 53 54 25 55  8 80 52 67 17 78 57 92  1 42 70 34 86 78 69 87 49 34 80 38 14 93 86 35 18 11 19 29 56  2 58  2
 88 35 33 93 84 19 43 14 22  1 55  5 14 82 84 10 17 39 39 75 59 51 30 71 95 17 46 61 37 93 28 57  7 53 82 22 50 93 29  9 76 20  6 39 49 31 20 79 46 22 78 19 87 85  8  2 57 99 69 55 14 24 42 64 96 40 87 43 96 94 75 27 97 51 75 33 13 32 93 53 38 16 45 79 90 48 37 72 53 71 22 63 25  9 38 58 42 84 54 58 12 99 24 85 35 13 20 54 46 23 27 90 74 96 52 55 12 61 63 13 56 49 50 85 42 52 54 47 70 36 49 81 23 64 20 97 36 36 53 88 42 93 94 61 92 16  4 88 75 85 28  7 84 63 69 94 23  2 43 26  7 44 12 51 19  5 62 28 96  9 70  8 94 22 74 94 13  9 95 78 51 26 58 53 31 74 35 59 39 53 53 43 18 37  8 69 18 68 63 48
 68 29 75 63  2 18 43  6 13 55 84  1 70 25 38 98 17 23 28 80 24 29 16 13 35 31 40 40 22 59 78 10 94 80 86 18 34 69 94  9 87 24 44 31 38 25 29 70  3 69 77 26 63 91 49  5 30 79 59 73 40 54 30 18 18 62 20 26 52 90 47 99 18 69 40 21 49 18 89 86 28 53 14 91 87 18 51 73 35 38 53 41 29 44  8 93 47 26 61 47 99 57 50 48 50  2 20 80  6 75 70 16 73  4 45 92 15 70 41  6 42 42 21  7 43 64 89 77 41 93 33 36 73 66 64 43  8 75 50 11 41 50 15 71 76 73 23 21 80 40 43 40  6  4 46 30 66 16 26 25 39 69 45 39 90 50 32 92 87 10 43 14 18 91 12 28 34 72 87 36  7 48 21 56  5 88 16  4 43 49 42 91 64 99 60  9 11 10 88 41
 93 33 48 71 46 23  7 70 78 71 34 43 88 35  6 59 43 98 22 13 43 64 18 25 62 53 85 31 47 23 95 74 36 29 39 43 59 24 42 88 16 23 33 20  2  1 47 39 84 94 40 74 34  7 20 80 34 50 26 28  8 30 49  4  1 31 18  1 43 79 98 87 72 70 26 23  1 68 31 62 48 17 69 13 14 42 37 21 12 37 95 42  3 21 75 15  5 21 51 99 38 55 80 36 39 99 59 35  1 96 64 84 38 79 75 12 46 60 33 81 13 86  5 76 12 46 39 91 86 49  7 56 75 73 58 88  3 40 56 43 27 93 30 36 10 98 65 49 59 76 10 24 84 11  8 33 54 90 30 51 24  4 51 16 67 21 90  9 18  6 72 33 54 27 46 52 69 34 29 92 14 62 39 27  4 96 63 15 62 63 40 72 30 30 91 94 88 89 99 63
 10 99 37 79 24 82 12 84 49 15 48 58  9 74 22 43 84 18 30 86 53 87 79 83 93  7 78 31 95 32 55 46  3 93 36 77 67 29 70 34 45 16 99 70 48 86 31 88 69 10 54 12 10 74 86 56 82 40 93 10 59 11 35 84 88 40 78 57 21  5 68 73 13 71 35 13 71 76 28 13 52 58 31 53 12 24 83 71 49 78 15 24  6 72 48  3 49 81 15 13 36 94  3 35 37 48 66 31  4  6 23 48 50 41 23 57  5  5 23 21 58 96  9 40  2 55  2  9 78 37 52 78 18 85 79  6 23 47 82 66 24 14  9 37  1 33 94 82 60 79  4 69 92 51  7 36 96 40 15 53 90 19 19 97 39 37  4 25 63 95 12 55 89 11 38 47 45 27  2 98 89 24 58 84 33 24 71 25 14 37 45 30 27 43 36 88 44 20 29 48
  9 93 84 58 14 31 19 16 41  9 67 74 85 90 77 40 33 42 74 16 45 62 44 68 76 76 78 29 15 30 93 16 38 27 32 31 88 79 86 61 30 55  8 90 70 58 35 11 66 63 26 92 29 98 59 18 39  1 27  4 38 42 69  4 68 30 39 75 87 45 83 30 55 37 31 74 49 18 76 46 78 99 58 84 89 74  1 86 95 58 17 18 70 49 21 43 26 67 66 89 66 63 88 45 52 89 83 80 58 52 21 34 96 69 81 65 61 82 75 61 22 52 10 50 30 84 86 16 54 54 70 37 18 96 80 80 21 58 70 71 62  4  1  4 69 70 77 28 47 78 64 58 47 17 67 84 59 51 47 61 51 97 65  7 71 75 47 83  1 46 54 76 54 59 37 47 55 76 75 23 41 28 78 58 51 40 16 21 88 59  3 39 73 34 45 20 66 35 96 24
 79  2 54 78 71 65 95 21 18 54  1 87 29 19 38 44 46 25 48 66 81 42 48 34 73 32 68 60 63 49 19 54 14 40 83 66 27 89 69 34 27  3 97 40 57  3 45 42  1 63 14 29 53  5 71 44 57 77 43 59 25 52 19 34 16 38 61 53 36 87  3 56  1  4  4 98 90 23 78 64 90 18 19 67 82 16 53 18 17 25 71 12 24 32 44 39 40 47 53 75 83 35 53  1 35 67 26 13 52 31 11 37 13 73 37 56 55 81 61 75 34  2 29  2 60 17 55  3 94 70 35 71 62 92 39 47 10 72  5 40  1 15 67 10 31 40  7 54 86  4  2 89 36 33 98 70 91 64 41 19 24 84 50 51 60  3 56 79  8 34 93 79 72  7 90  2 76  1  7 57 19  2 11 84  9 88 50 52 49 10 23 30 75 43 88 66 23 34  1 82
 44 40 27 41  9 77 98 64 14  2 19  9 19 28 69 90 71 83  2 16  9 60  1 44 25 86 45 68  1 56 64  7 68 96 30 62 32 25 27 97 54 28 65  7 71 74  8 46 76 45 11 92 54 31 51 48 27 55 39 71 18 48  8 35 62 52 65 95 55  7 37 91 91 73 56 22 98 96 82 84 31 44 19 60 19 56  6 45 24 10  6 44 57 43  1 42 20 83 57 34 67 64 92 35 55 99 23 52 30  6 81 91 89 45 33 55 74 46 50 29  2 80 12 63 96 88 47 21 30 44 64 51 95 57 96 62 11  8 92  1 51 32 96 88 15  5 56 68 10 89 43  4 51 84 35 53 82 41 62 78 72 32 17  9 67 74 27 55 76  1 41 73 89  2 45 99 37 74 95 78 48 95 11 28 21  8 88 29 60  2 47 15  1 64 55 32 49 20 33 68
 84  1 47 60 31 76 12 75 90 72  8 86 86 70 46 52 31 36 10 19 85 49 61 10 26 38 97 71 34 74 12 77 16 55 90 61 43 42 81  1  8 51 16 14 25 92 98 28 97 38 95 78 48 66 18 19 25 79 90 26 48 81 95 37  6 86 83 67 74 91 99 55 79 46 10 52 22 39  8 13 32  4  7 47 34  1 12 93 62 11 81 26 31 41  5 40 11 56 67 49 92  8 79  5 72 77 60 21 23 51 16 73 59 20 83  9 60 68 14 67 86 35 58 13 55 57 14 79 72 27 42 59 58 36 63  1 45 10  8 66 62 95 88 69 38 30 60 33 87 91 48 46 18 31 22  2 96 56 17 49 87 35 69 66 69 30 30 77 98 55 78 45 84 47 58 24 56 50 53 12 43 73  3 32 91 25 44 55 97 10 42 73 74 16 47 68  9 92  4 48
 35  3  9 71 99 89 92 60 44 59  8 51 60 35  5 81 67 70 79  7 51  1 38 91  3 88 88  6 68 26 38 93 89 85 82 99 47 60  4 41 86 12 19 80 37 55 59 55 26 40 22 72 90 39 60 14 92 47 90 43 15  8 24 93 40 68 68 67 41 72 72 73 44 34 24 19 27 31 80  4 94  3 31 38 44 87 77  2 66 20 79 89 90 84 40  8 65 80 50 89 29 98 45 66 64 86 75 64 83 12 69  7 27 20 92 28 36  2 86 71 34 74 86 68 94 78 38 77 69 56 12 64 99 41 25 58 20 86 58 13 20 11 33 55  5 71 62 50 93 74  6 39 90  5 81 28 33 78 95 82 38 41  4 94 44 10 28 33 66 16 45 51 89 69 23  9  8 43 64 15 15 26 48  9 11 56 75 75 63 17 93 38 22 22 17 24 93 17 48 27
 18 77 73 91 96 10 58 70 42 21 11 88 91 78 70 53 51 96 27 47 30 37 63 61 73 80  5 82 49 11 79 78 57 47 91 92 94 33 52 12 37 47 39  4 50 90 58 46 14 84 97 49 33 48 68 36 66  6 54 16  7 35 64 18  8 61 41 65 71 34 35 92 70 65 76 71 81 32 27 95 49 51 65 17 91 23 17 19 28 70 67 40 81 54 52 38  6  8 31 98 14 17 31 37 85 84  7 54 40 95 97 44  4 46 10 63 76 23 95 73 78 46 40 34 92 42 56  4 63 93 72 63 62 30 91 96 53 19 40 14 16 66 54 54 64 86 31 99 10  2 74 29 77 14 30 14 48  1  4 71 54 30 42 43 33 32 12 68  8 82 27 59 20 60 76 44 29 68 24 46 94 79 68 49 85 87 17 99 76 81 52 24 57  8 36 67 57 66  5 69
 75 43 70 11 64 88 94  9 29 58 90 78 63 34 71 49 69 97 10 43 22 16 31 22 62 14 11 46 85 59 73 22 70 52 70 45 45 37  2 90  2 40 70 93 44 71 83 13  3 99 27 98 62 17 35 71 94 58 77 29 61 41 47  2 16 41 59 27 18 33  1 99  3 15 45 82 20 11 90 65 73 71 26 97 50 43  7 78 27 50 70 65 96 27 66 18 96 66 82 23 69 28 95 38 89 19  6 52 70  4 81  1 36 30 13 90 30 66 28 36 38 48 97 56 92 93 81 24 38 39 33  7 75 43 92 44 35  2 96 28 13 67 61 71 20 54 53 75 58 74 65 21 60 72  4 85 47 80 71 26 73 36 38 13 66 82  2 76 29 90 36 32 84 78 94 45 14 72  3 18 58 87 30 73 71  5 77 60  6 61 23 29  2 67 69 38 37 80 51 34
 89 41 16  7 84 53 56 71 40 17 33  3 51 76  2 63 84 55  3 82 46 58 24 57 59 86 39 55 69 36 98 82 44 70 67 74 61 38 87 35 37 98 26 49 12 52 49 92 43 75 83  3 99 87 60 92 75 53 30 59 95 85 63 21 78 72 87 52 39 93 22 82 21 65 81 59 73 74 33 53 47 69 11 31 69 67  3 21 29 28 45  2 53 36  5 79 76 32 87  4 44  8 16 93 93 64 65  1 40 74 59 21 79  9  2 70 88  3 95 77 76 94 90 67 27 18 49  3 79 12  6 72 46  7 56 33 59 86 33 28 84 59 54 99 30 14 65 34  6 91 89 80 34 35 91 44 52 73 93 98 30 20 58 34 14 46 61 73 87 41  9 57 82 17 19 32 47 89  2 94 17 98 13 84 12 66 90 86 83 75 67 33 40 56 21 43  1 92  4 44
 52 89 39 71 72 71 68 42 94 83 14 76 90 14 83  3  1 12 51 46  2 92 23 69 65 30 48 70 15 62 48 19 49  5 22 45 15 29 65 72 45 53  8 11 21 46 95 42 66 23 39 86  4 95  8 41 85 66 68 37 51 46 93 59 14 25 71 15 89 94 61  5 45 52  9 70 50 44 79 64 47  4 59 45 91 35 71 63 94 86  3 77 37 84 50 97 21 42  6 19 96 51 53 95 76 95 50 52 27 97 96 88 92 33 23 38 37 11  6 55 40  1 69 96 76 46 66  8 84 62 95 30 20 90 66 76 46 38 41 83 43 37 93 80 68 92 94 21 68 53 76 40  4 89 52 54 87 86 20 15 61 25 85 58  6 40 98 93 78 55 75 97 52 27 32 81 73 29 34 35 78 29 45 25 54 74 77 85 64  2 27 81 17 31 37 20 69 59 39 13
 32 78 84 27 32 84 74 72 85 60 55 60  8 34 54 47 60  8 39 42 10 62 52 65 32 61  9 25 15 56  3 13 59 95 93 49 67 17 39 91 60 90 94 53 25 12 63 75 63  7 80 16 39 37  7  1 38 48 38 39 83 27 14 46 46 59 12 20  7 85 74 49 48  6 73 57 44 41 35 68 61  1 16 37 70 26 76 87 42 26 22  2 81 55 12 47 26 91 37 41 11 82 26 57 33 21 37 67 22 33 47  3 55 19 61 38 63 42 20 62 45 78 57 31 33 71 73 87 46 21 52 95 66 24 27 63 48 43 87 44 87 58 24 50 33 62 56 86 58 42 84 35 91 49 52 86 45 62  3 50 83 57  8 88 10 88 50 22 49 44  6 26 34 40 26 49 93 77 38 15 50 15 22 88 42 63 56 61 64 63 30  4 21 95 20 30 86 95 82 10
number of jobs, number of machines, initial seed, upper bound and lower bound :
         500          20  1368624604       26189       25922
processing times :
 36 21 87 18 33 68 24 30 44 57 93 53 76  8 10 34  1  6 19 85 47 49 59 15 44 56 20 82  4 65 15 24 52 28 80 75 45 79 33 55 97 38 83 33 37 76 93 50 27 24 84 70 14 45  4 23 66 71  7 80 26  3 29 76 85 87 80 33 29 85 33 22 20 66 91 26 68 38 52 80 74 53 37 96 87  2 35 11 85  4 15 78 83 47 80 70 41 68  8 25 79 17 20 18 76 11 37 50 20 53 77  3 69 70 92 23 29 75 53 63 47  1 67 43 86 20 96 19 57 45 73 86 37 99  9 98 69 23 61  9 72 76 71  9 11 20 53 17 30 62 53 43  2 87 51  4 23 12 51 96 31 80 35 83 38 48  4 84 20 80 92 23 79  1 67 64 99 70 46 42 15  3 10 19 14 52 95 29 16  4 78 28 48 81 88 77  5 67 98 51 37 57 73 26 76 91 42 24 79 82 81 99 89  5  2  2 42 67 75 63 96 83 63 52  9 83 24 36 67 32  4 94 21 33 72 33 67 73 24 37 59  8 17 47 63 28 98  4 57  8 78 94 82 72 16 35 39 59 45 83 41 60 52 59 99 11 71  4 85  2 96 97 34 67 19 95 58 48 69  5 72 42 55 45 89 23 54  7 67 40 73 34 19 80  7 11 69 42 75 24 79 52 51 12 53  8 16 21 62 99 31 22 30 67 24 43 56 70 22 97 19 33 34  4  4 87 29 46 19 92 56 13 28 64 66 14 66 48 78 88 54 63 94 17 39 35  6 98 96 66 72 76 91 85 64 27  6 22 31 69 16 30 94 20 84 95 92 31 47 93 81 82 67 41 88 72 70  7 35 35 12 25 43 77 45 27 80 67 12 63 94  5 41 24 68 90 97 66 15 19 55 91 99 12 73 52 24 46 65 48 19 35 19 67 99 99 11 50 34 66 74 64  8 18 77 92 85 43 63 70 13 18 28 77 94 47 77  4 12 17 84 72 69 45 51 33 14 99 49 36 97 35 80 94 38 25 80 18 90 63 55 44 93 48 68 53 15 79  4 95 95 19 58 58  9 31 37 26 54 69 15 75 81 66 21 27 87 19 33 64 20 70 26 68  5 10 49 38 25 90
  4 19  7 29 71 79 20 84 59 30 43 33 76 33 90 42 94 61 76 87 71  5 82 92 51  3 12 21 58 66 63 46 71 79 84 56 84 72 35 48 93 56 20 19 64 30 11 41 38 93 86 58 63 99 28 45 15 28 44 70  8 67 67 75 75 50 33 51 32 87 99 67 66 32 76 34 89  9  7 86 26 80 44 53 38 32 81 46  1 53 26 83 24 35 82  2 63 44 45 26  3 66 63 37 47 23 98  2  7 48 49 27 36 10 17 22 75 71 19 33 68 82  4 37 62 89 62  7 14 26 69 80 94  2 66 34 81 74 68 31 91 90 10 61  7 72 35 41 78 19 24 45  8 39  5 20 79  8 46 10 83 56 75 26 76 35 63 62 14 49 16  9 49 85 61 27 98 36 32 83 34 13 39 17 81 84 46 50 63 81 44 56 44 81 96  8 51 64 45 41 34 79 83 16 58 13 56 55 14 65 79 91 62 55 59 21  1 11 51 84 51 18 71 43 37 68 37 39 43 31 63 71 68 86 65 82 78 74 93  7 33  3  1 34 54  8 87 25 83 57 59  3 46 24 99  3 45 12 89 88 19 77 41 52 93 90 47 50  2 24 50 80 94 40 38 35 46 34 10 74  5 56 52 69  3 40 26 29 24 81 37 93 46 15 12 74 74 29 50 86 12 50 70 50 47 72 96 46  9 13 85 20 59 94 31 80 80 77 80 90  7 23 59 57 26 64 37  2 94 51 39 57 42 42 48 42 84 48 33  2 10 37 47 26 46 38 21 57 51 27 72 99 81 29 94 48 86 94 87 50 22 33 63 51 53 12 82 54  7 71 95 74 67 30 57 36  5 33 19 85 41 43  5 12 47 83 75 16 91 72 86 16 32 83 44 91 41 43 29 63 97 70 65 90  4 75 38 42  7 27 12 45 69 78 66  2 81 76 67 98 52 63  6 11 84 72 90 84 75 17  3 87 19 47 73 13  8 56 65 82 98 78 10  2 68 15 82 73 57 66 30  5 57 74 35 58 10 76 32 67 42 54 39 41 11 91 63 26 24 70 31 22 36 44  7 61 20 99 99 91 46 52 73 96 16 95 33 64 61 26 39 33 16 58 92 53 13 44 64 89
 25  7 94 97 25 54 78 35 63  9 84 76 88 20 68 15 23 91 85 41 24 15 87 67 27 35 82 47 40 66 51 74 20  3 46 19 27  3 11 20 35 41  4 90 77 10 55 26 28 60 86 37 51 10 31 55 99  1 18 13 21 30 58 65 19 95 44 13 99 29  5 24 56 18 45 66 58 29 29 75  5 70 60  3 67 36  8 16 84 92 81 36 93 35 92 37 68 98 54 41 18 50 52 63 98 30 23  3 73 17 57 22 60 18 67  9 61 75  2  1 89 54 86 62 23 40 33  8 49 81 92 73 73 28 55 53 78 49 49 80 94 58  7 99 29 77 12 99 38 79 31 46 40 36 46 92 17 69 67 16 30 55 98 84 42 83 56 28 40 11 66 18 47 44 18 63 22 73 59 74 88 46 13 21 23  3 99 93 13 56 59  7 58 68 49 64 94 35 81 94 75 34 32 82 94 20 36 30 82 45 65 47 49 36 65 67 71 34 94 94  8 30 64 65  1 42 41 50 63 87 72 84 93 69 25 58 71 25 57 43 54 27 75 18 16 97 91 96 12 89 26  6 91  9 76 49  4 72 23 68  1 96 66 26 62 98 63 16 18 53 93 51 31 73 44 30 96 58 72 10 57 44 73 85 28 61 63  2 83 75 73 78 66 75 66 99 43 53 65 49 84 20 69 53 92  5  1 54 78 99  8  7 81 15 32  3  7 52 95 34  4 23 22 75 71 33 32 13 65 90 90 72 88 95 30 93  4 38 38  1 57 54 84 42 84 94 25 77 58 22 46 61 93 80 19 99  3 65 71 74 13 69  7 34 14  5 12 94 39 36 46 30 74 51 72 37  9 66 30 75 48 95 95 39 32 82 63 18 41 27 13 58 91 89  2 70 43 19 27 43 68 51 32 78 93 35 15 39 89 17 51 46 58 77 64 81 74 31 34 43 81 79 74 80 76 71 41 12 71 67 37 34 16 26 76 92  7 85 54 43 31 19 39 73 31 65 18  1 16 83  5  7 11 86 38 47 70 10  4 77  8 83 74 24 76 61 33  3 58 37 52 75 34 12 52 53 92 99 56 68 30 26 90 58  1 60 37 83 96 62  3 24 62 73 55 30 20 87 14 57
 68 75 96 60 48 26 17 42 61 32 12 15  9 74 99 53 51 51 29 55 49 42  5  3 58 82 93 13  7 92 28 59 15 59 57 26 34 95 95 58 52 88 71 42 47 73 23 92 20 50 86 61  9 27 66 41 51 43 91  7  3 33 17 90 75 29  2 66 76 48 13 93 39 72 90 11 98 71 34 37 69 79 35 90 61 86 59 14 90  3 38 34 84 26 42 59 81 99 90  9 30 83 83 17 19 41  8 91 26 61 18 31 12 63 35 94 88 78 76 56  6 38 89 10 65  1 70 41 47 85 26  8 97 58 43 45 90 94 30 54 92 92 37 19  5 83 62 91 75 71 72 72 78 98 53 40 16 36 32 17 71 26 43 63 98 10 45 70 24 69 30 16 63 58 86 22 13 60 83 69 18 73 21 83 15 15 20  2  9  4  1 66 10 62 86 37 81 65 57 41 27 90 82 33 23 40 98 34 48 16 85  4 50 84  6 26 20 80 52 59 64 85 11 25 77 77 37 42 89 79  2  1 93 48 82 65 33 52 73 92 65 81 36 49 41  3 25 25 40 63 46  1 98 69 56 25 21 68 58 54 48 95  7 64 94  1  9  1 99 94 77 53 48 30 88 77 14 27  2 16 76 29 81 18 14 54 10 44 17 81 40 40 36 62 20 12 84 83 27 80 98 67 37 91 31 13 46 64 54 99 35 92 61 29 12 93 85 48 74 90 92 97 84 45 32 29 56 59 87 38 18 81 43 85 50 63 49 35 47 14 73 75 17 71 63 79 45 44 51 20 98 43 79 66 78 16 78 25  4  5 82 82 34 66 31 20 55 49 65 14 16 44 55 66 70 98 41 44 52 97 54 15 71 60 82 24 51 12 12 88 73 71  4 49 23  2 91 15 83 97 21 47 80 68 24 54 42 37 76 55 82 65 70 30 69 40 33 33 75 81 46 43 50 89 32 19 55 26 18 87 74 52 95 81 52 15 89 43 33 26 40 48 87 10 45 73 64 33  8 11 11  4 52  8 84 81 38 85 33 64  1 70 74 87 79 65 84 15 83 20 98  8 88 58 55  8 54 40 39 81 72 14 64 99 54 39 41 69 34 58 22 57 95 57 23 20 16 26 45 37
 60 14 46 26 29 57 96 58  1 17 89 28 24 97 42 20 17 96 37  7 69 41 24 38 12  9 99 96 28 24 79 68 54 51 65 85 39 58 53 67 62 26 54 94 26 47 50 70 50 91 12 47 41 92 59 48 52 21 76 91 79 29 30 56 39 91 57  5 25 34 93 73  9 64 22 91 55 38 30 25 99 92 15  4 73 65 39 24 93 36 46 56 75 16 28 66 55 58 16 97 51 82 89 78 22 75 60 24 82 27 60 71 43 46 67 24 26 99 15 49 12 56 43 40 34 63 11 28 75 77  1 92  4 37  3 63 19 69 28 61 59 47 24 29 16 90 91 67 81 46 75 86 93 28 78 24 51 99 31 12 68 14  1 41 24 18 22 27 99 31 54 76  9 32 52 71 92 96 63 80 22 37 20 92 88  5 31 91 39 88 51  2 62 25 42 64 92 56 38 59 86 92 86 37 34 66 39 71 73 54 56 77  2 40 20 57 43 29 53 74 27 76 94 31 76 45 52 30  7 38 31 17 23 49 24 94 34 72 20 16  6 54 96 37 44 45 97 34 80 62  4 49  1 40 63 45 32 88 23 39 80 76  7 58 53 87 69 89  3 21  7 65 34 36 81 23 25 79 64 99 59 75  8 84 77 51 21 20 24 51 48 61 19 65 60 35 10 51 18 65 26 34 60 27 11 42 76 34 26  2 31 66 41  1  5 72  5 71  4 99 14 63 82  3 45 46 33 96 31 30 85 73 94 20 42 44 66 93 74 85  9 37 16 34 25 42 46 64 58 57 24 92 84 18 87 49 45 11 21 69 93 90 69 22 21 43 82 41 44 68 79 54 64 56 46 79 44 54  5  9 84 37 98  6 98 57 82 68 46  1 59 30 12 95 28 74 98 50 87 78 42 76 85 92 68 30 32 87 23 80 26  3 92 56 67 22 21 36 85 79 72 34 27 54 97 67 37 87 95 19 42 35 70 59 79 99 34 66 66 75 28 55  2 72 93 21 54 40  7 32 73 91 71 48 43 54 91 54 33 17 47 83 74 83 78 54 58 10 81 24 75 96 19 65 23  4 80 76 40 54 26 83 89  8  4 91 30 77 85 48 17 97 15 90 16 28 94 65  2 84
 12 46 89 80 41 55 97 93 38 55 20 43  3 26 28 29 77 51 94 93 81  7 53  6 94 37 45 51 45  7 88 64 12 15  1 24 89 38 28  3 36 55 42 31 39 72 25 10 16 34 56 67 25 18 40 27 98  9 95 88 68  4 16 50  6 11  8 52 62 14  5  7 58 24 54 39 49 63 17 26 96 53  3 74 52 21 45 91 22 22 12 98 34 26 49 27 48 62 33 98 40 71 30 12 90 64 48 63 94 11 75  5 70 25 57 38 82 99 43 82 54 72 72 27 58 91 55  7 50  1 99 46 18 94 77 70  4 76 72 71 57 66 66 60 70 85 43 38 49 60 28  8 86  6 26 92 55 43 12 55  3 48 87 82 38  9 47 72 52 44 20 57 68 96 96 68 94 94 87 66 13 19  9 32 21 79 74 69 83  1 27 39 19 80 56 61 13 18 37 33 29 72 97 86 64 74 69  3 15  3 67 31 39 20 10 19 16 77 22 75 98 78 74 30 23 63 59 39 23 33 64 31 11 45 95 23  1  2 95 85  1 38 90 21 51 50 33 43 40 58 33 71 89 91  8 84 91 56 36 10 25  8 13 65 52 15 28 43 88 34 96 67 43 12 85  9 55 11 62 80 23 14 69 68 73 16 97 26 23 50 13  6 84 97  1 83 94  9 68 63 33 51 92 58 76 63  2 33 99 87 68  2 40  6 42 38 83 10 44 41 40 38 50 50 45 10 27  9 54 13 15 61 68 12 36 49 12 72 72 39 31 29 46 79 99 48 54 85 11  3 89 19 13 16 18 54 92 52 19 39 96 54 39 73 54 97 42 31 30 42 37 43 49 11 50 20 75 30 73 28 58 81 10 46 28 99  8 64 80 21 66 18 64 17 25 58 55 16 97 10 81 28 64 64  8 82  6 19 10 77 71 57 11 66 99 77 96 22 91 77 82 13 84 67  2  5 34 94  1 47 30  4 17 10 27 73 85 55 75  9 43 26  3 88 36 75 31 69 53 96  7 25 34 53 57 45  4 40 49 77 60 80 69 92 99 86 17 11 19  6 96 90 52 28  2 19 24 38 34  7 80 67 83 24 37 55 33 88 87 81 22 91 71 33 34 40 40 68 60 58
 86 76 99 33 25 64 64 84 11 24 92 96 62 79  7 43 37 20  3 58 65 73  7 45 62  4 61 55 80 71 15 12 47 81 29 21 33 65 92 88  5 69 42 50 90 82 74 45 66 52 71 19 41  8 73 98 55 13 27 22 93 43 96 68 56 51 13 30 66 14 35 50 62 32 13 17 35 43 87 91 92 21 84 57 33 58 93  7 53 87 91 54  8 65  6 75 19 12 82 70 14 74 10 90 39 45 36 89 82 61 34 99 76 13 64 69 32  3 16 69 13 81 32 17 52 81  9 42 29 98 14  1 35 63 40 30 52 70 10 98 64 22 10 75 27  5 94 61 79 86 13 43 54 59 81 56 66 15 52 57 64 77 19 40 95 71 35 55 98 80 29 79 65 97 37 19 81  3 59  6 33 79 31 38 82  3 80 62 38 98 22  9 83 15 31 74 23  6 98 54 42 80 95 88 36 84 80 38 47 18 91 15 71 41 33 31 37  5 36 36 11 32 94 63  2 26 88 38 49 96 12 97  9 32 65 78 95 49  4 58 25 38 79 44 47 50 16 24 76 40 61 61 66 71  7 87 20 78 88 65 32 94 82 84  7 44 31 57 73 50 15 76  1 35 73  9 84 91 70 59 81 65 74 64  5 15 45 73 49 53 84 46  8 32 19 32 34 33 14 78 73 35 24 66 81 62  9 94  3 36 85 42 21 14  1  7 34 42 24 79 97 49 11 10 42 83 29 97 67 81 35 19 14 38 55 21 35 56 18 85 35 61 66 60 34 92 22 43 12  2 27 68 38 74 98 35 83 99 38 10 54 56 98  4 17 96 86 86 73 29 96  1 97 41 38 47 53 18 16 55 21 78 53 98 46 90 62 23 50 98 74 42 25 68 78 85 26 21 20 58 35 20 54 66 92 26 82 57 47 42  8 77 62 46 69 20 98 74 91 97  7 69 59 72 12 61 88 88 80 21 64 81 38 50 11 48 21 18 42 64 68  7 81 60 81 32 15 21 89 11 42 24 34 72 11 56 68 88 99  2 66 98 69 44 32 67 23 86 21 69 30 98 31 96 71 58 83 30 98  8 72 42 33 51  2 36 58 24 24 24 81 39 71  4 84  1 20 77 51 72
 87 25 16 47  1 20 54 31 16 91 72 24 30 28 75  3 93 59 38  5 11 56 91 27 90 63 80 55 65 99 66 45 94 81 76  2 67 19 90 51 54 22 36 77  7 93 96 23 71 37 32 72  1 41 71 48 68  1 43 37 42 79 69 43 76 27 95 95 12 66 30  7 11 90 95 43 46 71  1  4 83 12 76 14  2 91 87 78 56  3 67 55 22 33 53 25 36 11 25 77 68 23 20 75 42 11 94 61 76 11  1 18 27 97 35 63 67 99 86 67 83 69 39 63 35 13 66  7 97  9 22 76  3 61 59 37 45 67 86 56 18 42 56 23 77 17 62 68 19 98 47 51 14 45 25 81 35 94  3 11 27 72 72 65 47 84 30 78 53 69 38 77 67 29 94 61  4 95 96 99 12 83 54 15 57 91 46 46 43 94 82 21 50 16 16 16  3 10 47 44 56 87 97 14 50 98 70 23 68 11 55 10 14 33 37 35 86 57 28 83 79  3 68 82 72 76 44 11 41 87 57 58 27 39 77 23 29 36 18 42 76 17 32 28 90 45  6 25 69 74 98 63 62 80 86 32 74 34 32 89 52 71 25 29 87 79 22 77 21 87 56 26 81 89 62 86 53 17 74 13 89  8 38 51 53 90 26 76 67 64 85 48 85 58 87 91 39 10  5 90 34 21 40 44 12 32 22 67 88 78 61  9 99 30 57 13 97 59 66 49 43 65 52 35 55 74 79 37 76 99 28 21 98 87 39 60 91 52 27 50 22 93 79  4 14 53 41 93 86 28 84 49 16 10 70 43 89 45 23 45 72 46 80 36 92 96 77 26 47 34  9 47 34 35 42 50 28 73 18 66 55  9 85 91 89 83 30 57 70 15 28 62 93 73 44  2 99 87 71 65 78 23 27 13 68 65 93 43 39 42 30 24 87 46 69 54  5 30 25 99 99  1 54 64 57 25  9 47 52 24 17 81 79 70 41 13 74 28 33 19 82 33 19 29  5 98  4 46 44 20  8 37 54 47 75 22 41 56 83 49 30 72 15 93 91 65 75 41 38 13 62  1 49 13 74 46 96 58  2 14 79 39 84 85 10 41 41 94 73 19 55 92 86 13 58 45 84 35 85 86
 84 95 35 70  9 53 52 89 47 38  9 85 15 74 83  8 28 63 43 97 52 65 26 31 72 90 83 10 85 13 59 31 87  5  9 17 52 46 41 87 22 17 33 23 31 75 14 76 71 82 50 29  9 82 40 85 48 70 16 27 34 50 80 89 43  6  7  8 44 58 67 11 69 79 20 71 71 87 59 82 94 13 22  5 29 65  7 27 41 87 32  6 46 30 22 21 79 11 46 23 42 91 74 63 48 61 70 58 12 61 57 45 31 62 68  9 81 69 92 17 70 89  9 43 71 42 59 64 32 84 18 77 54 35 25 76 42 14 49 56 79 91 59 17 85 30 71 15 21 53  3 28 60  7 42 25 77 40  8 51 61 83  8 79 37 95 47 61 11 53 43 30 49 40 73 95 43  7 80 19 12 70  9 50 11 96 61 59 48 65 54  7  3 47 97 43 69 46 22 84 86 55 99 17 38 48 61 68 48 96 43 19 39 80  3  2 99  4 90 71 31 96 36 75 17 25 24 37 32 72 40 13 32 53 50  2 74 94 67 96 19 85 33 65 39 48 56 66 63 61 40 84 92 78 81 41 77 55 70  6 38 78 12 15 36 96 57 39 55 86 98 36 24 19 95 25 21 32 49 40 84 67 76 78 16 73 28 52 59 12 85 63 40 93 68 16 38 60 75 16 27 38 59 41 98 78 60 64 21 79  8 57 95 58 45 13  9 25 56  6 62 44 31 50 99 39 90 96 67 67 10 92 53 75 53  7  4 28 26 37  8 49 59 72 29 39 87 93 13 23 96 65 32 20 11 20 25 41 87 60 60 34 85 96 36  7 92 51 19 50 10 72 41  9 40 85 18 16  8 57  3 60 73 35 60  7 25 13 66 49 48 88 47 86  1 42  1 19 84  4 71 23 76 89 60 10 29 51 92 72 38 73  7 20 58 66 71 70 66 92  6 19 16 31 38 78  7 28 26 25 19 86 93 65 18 10 92 36 71 39 24 74 97 67 78 77 12 45 13 47 36 63 32 84 30 45 50 14 33 97 17 21 78 57 12 56 22 83 60 43 28 20 58 70 54 13 82 89 31 83 81 77 39 81 23 71 77 72 33 27 12 33 58 19 64 29 93 37 79 16
 36 54 76 91 11 51 53 30 38  6 12 39 41  8 56 86 36 33 99 44 86 50 32 51 14 73 71 16 28 83 79 19 70 58 73 99 86 99 64 26 66 47 50 67 48 92  9 61 50 63 93 32 10 56 96 69 54 43 85 96 98 64 34 26 95 54 85 91 32 88 92 82 91 79 26 87 40 98 38 56 48 51 78 15 58 32 56 70 51  2  1  7 91 34 64 53 39 59 70 88 33 81 80 54 69  2 53 33 62 23 78  1 47 35 15 12 13 18 62 45 62 15 94 19 24 72 30 35 27 48 15 22 10 85 88 32 96 17 47 27 44 64 68 68 57 99 50  7 12 84 67 91 83 54 99 98 11 76  7 51 10  7  9 89 42 97  4 66 96 71 32 74 39  6 35 45  8 76 95 59 29 54 87 40 35 71 62 99 53 23 42 23 69 93 41 85 98 38 22 53 65 82 11 38 78 76 95 30 21 84 21 31 28 67 16  5 86 87 25 38 16 33 77 47 70 27 23 88 40 57 14  6 58 73  8 97 62 13 89 44 50 24 63 73 36 59 85 50 68 52 25 81 82 64 29 20 15 68 11 20 35 60 15 29 27 87 18 29  6 44 40 98 29 34 16 47 97 30 70 23 26 77 59 81 42 23 20 58 63 98 44 40 82 42 20 14 80 14 83 13 96 33 30 55 40 31 58 77 38 26 96 17 68 26 81 93 69  2 41 32  3 41 88 54 64 94 62  3  5 99 45 69 49 69 47 49 35  8 86 22 55 16 24 25 24  7 93 91 49 11 97 94 35 74 74 49 97 65 74 31 35 23 20 22 70  3 89 67 21 59 69 34 96 45 97 85 37 92 63  1 47 45 15  2 50 63 22 46 52 94 43  3  3  2 57  2 42 54 85 40  3  2 34 33 25 16 66 31 90 82  5 90 49 89 82 26 34  7 43 85 19 73 75 84 29 63  5 54 96 71 64 83 69 40 65 29  2 51 21 38 94 29 47 80 57 87  9 27 81 89 42 81 91 81  1 42 73 34 28 26 99 70 15 97 53 86 26 13  7 69  6 57 78 69  7 74 26 44 76  9 53 97 42 90 52 42 93 34 65 85 12 11 10 32 17 24 40 25 56 45
 92 78 46 20 45 40 86 97 14 81 60 91 15 44 41 13 86 13 80 33  7 45 99 84 39 40 38 12 57 70 98 76 11  4 46 99 99 85  3 41 12 57 55 29 27 45 84 46 92 49 67 13 66 61 79 54 49 77 21 46 92 62 54 10 38 49 51 80 14 44 19 15 18 65  1 97 14 36 75 29 75 92 38 11 39 67 80  7 56 46 41 91 96 75 84 94 17 78 37 84 39 97 91 53 53 45 89 51 35 35 86 12  7 51 70 33 61 89 33 24 87 62 52 67 15 50 44 32 71 62 83 65 74 65 65 75 32 59 25 66 13 20 55 94 33 94 11 82 51 82 56  1  7 35 77 91 63 79  4 38 75 17 36  7 63 67 18 54 24 10 34 77 42 21 70 52 54 79 56 71  4 77 47 26 67 61 27 32 84 46 39 82  9 11 41 56 57 20 56 71 58 43  1 89 49 97 35 91  1 90  5 75 22 86 29 43 56 96 29 77 36  1 95 80 39 51 87  2 50 28 35  8  4  5 89 40 99 20 36 50 32 23 24  5 17 81 22 96 17 88 98 81 94 57 61 48 44 37 53 32 88 10 90 78 74 18 22 38 14 55 15 67 55  9 41 55 97 26 44 74 68 11  6 27 70 44 18 48 66 34 12 94 48 68 47 40 94 60 53 30 46 76 70 65 15 13 64 65 43 45 82 91 69 35 55 38  7 22 80 34  9  3 15 50  5 89 22 24 42 94 15 16 98 92 26 76 54 62 43  6 24 82 71 36 15 71 23 86 46 27 60 11 55 49 50 79 46 72 23 67 16 63 76 46 99 81 90 71 18 59 65 73 62 49 47 42 48 91 54 28 59  2 45 25 29 81 52 77 22 53 63 87 96 32 18 71 97 53  1  3 31 98 72 75 38 84 53  2 92 83 20 67 20  4 11 49 50 98  8  4 23  5 77 40 49  5 98 77 67 21 59 43 70 10 62 89  7  5 51 91 52  1  5 89 96 14 96 65 63 88 30 59  3 74 76 66 93 23 42  9 20  8 43 76 58 41 57 27 49 36 14 92 80 66 80 81 43 55 25 21 24 46 64 72 48 48 63 72 83 59 66 28 62 66 94 86 75  1 28 48
 67 77 25 31 40 38 12 20 88 55 12 29 60 79 16 55 62 68  1  4 61 40 24 63 37 19 27 65 88 57 83 61 61 86 82 49 99 81 39  4 55 49 50 79  8 17 81 34 65 60 58 75 49 16  1 76 12 46 95 18 70 21 31 32 99 25 13 47 73  3 52 46 65 85 11 78 68 33  5 56 15 35  9  7 30 59 86 29 65 87 18 12 90 45 81 27 55 73 57 45 74 57 31 23 29 15 88 57 55  7 78 66 74 71 47 28 44  8 50 55 36 58 62 58  2 65 50 54 38 42 26 99 61 11 44 30 43 19  2  3 56 92 21 91 21 80  8  5 58 36 96 75 18 18 72 32 38 23 93 15 57 58 24 77 77 51 26 78 13 80 47 98 36 52 57 96 40 27 99 35 20 58 45 42 58 19 64 97 37 66 36 91 42 52 48 76 87 84 52 81 63 69 96 19 65 98 92 55 52 87 85  2 12 25 54 80 42 41 22 23 31 23 76 58 89 17 82 97 81 72 22  3 67 31  6 23 60 22 31 96 94 54 52  9 20 99 31 50 99 36  1 80 26 68 52 29 78 94 59 93  3 79 83  9 60 68 66  6 93 37 54  6  8 93 27 82 51 33 94 97 68 21 72 17  3 93 90 44  4 10 68 38 81 33 12 61 83 64 47 51 60 39 61 53 71 15  1 32 60 58 32 45 75 98 42 36 38 34 64 58  5 77 40 27 45  7 36 20 22 13  4 14 66 66 53 75 88 15 28 20 18 58 21 50 71 38 39 41 65 96 66 76 19 16 97 80  5 71 68 89 26 81 67 37 95 15 67 37 65 44 21 22 29 46 84  1 37 43 89 24 67 59 89 53 41 42 68 58 29 16 18 56 49 71 56  1 66 41 25 42 13 54 15 81 99 11 21 45 88 44 55 21 17 23  2 50 23 74 42 55 25 56 90 43 81 74 51 71 24 42 71 39 79  8 25 61  8 96 89 56 70 61 50 39 17 33 63 14 62 12 42 56 17 42 96 23 10 58 82 95 69 98 68 71 93 15 83 16 41 57 42 19 12 78 54 86 51 34 83 22 85  9 33 47 45 75 13 72  8 75 80 99 20 48 71 78 94 50 10 95
 23 46 96 80 86 24 69 91 21 79 94 45 86 78 91 33 18  9 23 89 54 87 60  7 12  3 60 16 58 87 43  4 39 89 98 13 90  3  3 21 52 57  7 48 70 81 26 82 13 20 56 91 95 17 76 85 89 12 34 56 26 25 55 49 74 89 66 42 91 66 59 86 13 57 54 39 34 95 96 93 77 28 10  4 38 41 41 38 49 75 88 87 26 31 61 38 49 15 88  7 28 35 23 58 97 29 45 56 67 43 89 96 40 38 22 79 96 20 70 65 93 23 24  7 96 66 45  4 69 12 21 28 48  7 91 90 22 36 36 29 78 78 95 41 15 15 67 16 18 87 79 68 64 60 30 31 79 13 35 45 41 33 62 10 91 65  2 46 65 33 71 28 47 12 79 41 62 69 32 41 13 33 99  1 57 49 91 12 12 78 29 50 95 19 79 13 24 43 96 21 52 79 59  7 48 40 51 85 92 62 90 80 63 29 76  2 74 63 82 68 94 21 28 34 28 16  6 30 94 14 79 95 37 23 97 38 52  8 34 60 52 21 86 51 20 46 16 67 31 87 76 87 82 56 18 28 21 80 18 10 82 53 15 56 23 75 37  3 57  1 93 99 87 98 40 51 27 57 23 28 58 29 79 83 99 98 34 80 53  1 11 91 96 96 24 75 91 99  9 27 45 40 51 12 34 17  4 92 59 73 40 83 70 60 31 39 79  5 74 74  1 76 53 62 49 99 18 60 92 89 43 90 18 30 71 86 70 33  2 18 76 34 49 21 74 74 93  5 67 60 17 30 62 66 26 63 21 77 49 62 97 55 90 59 18 61 92 15 36 93 22 51 56 48 69 29 86 66 40 73 79 53 82 62 37 65 49 41 12 17  3 72 24 11 53 39 38  2  9 14 97 43 39 32 38 72 20 80 72 29 72 37 85 43 19 94 24 23 95 39 63 30  6  7 32 10 29 13 39  8 24  6 98 34 58 58  7 48 57  5  5 86 15 56  9 86 75 72 97 64 12 81 70 69 92 23 13 80 34 83 99  2 78 71 45 89 86 63 18 97 64 37 36  1 88 18  4 58 63 82 17 21 23 84 80  5  2 10 21 11 93 37 89 95 16 35 54 40 43 18
 37 51  3 57  1 67 54 68 18 52 80 10 81 20 88 22 98 15 22 23 18 64 37 61 69 66 76 51 63 17 79 21 33 81  5 96 45 41 29 49 37 96 20 72 16 70 37 27 26 12 42 62 62 24 21 46 93 72 93 71 17 83 60 76 16 63 49 50 78 74 11 34 10 49 16 27 95 35 91  8 24 93  6 60 27  7 46 33 51 57 66 97  6  8 39 67 83 90 86 65 26  6 17 95 49 71 37 15 60 40 34 18 10 31 30 39 56 18 30 91 92  6 56 86 41 17 48 28 96 52 21 41 77 58  8 77 68 61 16 94  7 34 97 23 34 19 47 23 91 43 77 99 96 55 94 90 85 10 16 73 97  7 96 60 55 82 85 36 38 33 64 79 26  6 41 13 62 86 52 46 47 88 13 28 50 62 69 64 38 11 22 38 28  9  8 78 84 16 47 31 99 91 77 91  6 95 11 78 48 91  1 77 76 13  2  8 62 74 73 65 35 14 66 28 21 72  7  8 33 89  6  1  8 53 29 95 15 55 80 35 20 11 43 13 23 20 79 86 69 53 40  9 30 89 25 79 99 23 45 66 57 63 33 18 45  2 75 71 14 25 77 56 88 80 94  1 55 37 37 63 78 17 63  9 98 95 15 29 57 23 97 28  8  8 65 76 43 24 56 77 92 61 39 37 92  9 46 16 84 15 89 58 43 12 62 67  5 63 21 74 56 27 18 48  6 99 57 85 25 47 39 53 20 66 31 22 66 95 77 89 93 70 54 67 29 95 55 39 13 28 89 60 67 36 56 55 20 59 43 93 12 62 98 69 31  4 64 26 12 81 82 71  7 70  9 80 13 82  7 13 99 28 92 99 49 40 27 83 20 86 18 34 37 35 26 90 89 49 19 54  5 28 12 81 77 11 66 79 51 89 83 87 42 44 74 29 20 93  7 43 92  5 12  4 65 85 71 40 78  5 42 87 41 31 76 37 99 18 14 62 53 90 40 76 62 45  8 32 17 58 14 11 93 68  9 49 15 14 97 71 16 92 22 96 54 50 53 98 78 39 12 35 20 65 70 17 48 24 35 79 16 91 75 83  1 36 53 43 27 64 94 26 80 82 53 37 48  6 80 83
 61 99 36 82 94 91 16 53 91 43 71 33  7  2 41 21  3 12 19 21 23 94 82  3 87 75 29 87 22 81 44 60 12 69 82 14  2 29 21 41 47 31 77  5 33 92 15 76 52 93 69 95  2 16 29 34 36 10 92 34 12 42  3  7 10 57 15 89 42  1 13 22 20 81 59 85  4 69 11 31  5 50 86 57 82 47  4 45 37 98 62 65 89  7  4 49 16 81 48 96 68 29 50 91 55 29 34 27 39 36 47 11  9 70 20 62 85 71 64  4 21 67 36 68 42 16 34  9 96 78 74 32 30 92 14 61 11  3 61 38 85 46 75  8 86  5 44 80 75 42 21 71 35 12 17  2 58  6  2 45 64 16 22 12 72 58 38 46 42 40 11 47 95 73 40 80 58  4 16 31 80 61 71 97 16 87 19 50 46 17 80 91 88 45 88 42 35 41 16 59 97 79 98 56 10 54  6 91 84 94 75 97 89  4 79 81 94 25 67 16 82 64  5 34 55 21 43 18 76 16 28 82 51 58 77 13 44 51 42 76 86 18 54 90 60 74 63 96 22 61 20 68 93 57 32 77 46 52 56 52 74 18 43 77 88 55 97 31 49 94 14 75 13 59 86 26 18 12 67 79 87  2 62 38 63 81 39 40 85 60 59 31 31 48 64  7 76 51 83  5 84 15 99 73 82 23 77 25 61 42 94 14 13 49 34 62 17  9 53 10 49 88 23 81 40 18 34 92 19 68 43 70 21 79 20 31 85 77 65 49 82 63 48 48 36 21 16 96 63 47 85 66 42 20 24 91 60 61 97 25 86 41 20 33 72 13 95 39 86 91 54 64 23 33 67  9 92  1 83 57 67 18 28 77 70 62 73 26 23 60 30 51  9 84 32 67 35  8  3 65 27 94 52 12 41 79 54 34 31 72 13 35  6 56 89 95 94 64 88  4 36 44 90  2 35 83 59 50 10 71 98 47 35 63 88 15 80 88 97 65 15 12 77 17  7 17 40 34 53 67 81  9 24 17 82 73 91 22 13 88 75 31 10  4 65 96 14 60 69 46 56 31  6 68 97 91 14 89 70 16 42 93 83 93 23 62 14 22 20 13 19 93 90 27 21 28 77 97 98  9
 96  4  5 58 32 79 89 39 85 57 52 76 52 44 28 79 98 47 75 74 63 36 69 79  3 63 72 17 10 76 22 25 64 18 99 36 40 36  2 66 36 25 76 78 26 42 52 42 28 78 75 11 18 66 33 43  1 25 13 82 47 13 90 15 12 19 28 31 72 41 34 87 59 55 99 10 16 74 49 16  8 49 47 59 50 72 41 24 23 18 65 85 66 17 13 83 11 69  7 83 25 71 55  8 52  1 14 85 35 61  8 22 11 40  3  2  8 34 33 79  1 17  4 16 54 99 63  4 54 47 31 31  3 38 51 26 32 62 70 11 80 62 68 84 45 92 57 85 60 42 26 28 29 23 38 35 57 11 99 53 24 19 88 98 51 64 17 72 97 14 62 25 65 48 34 78 52 45 51 60 33 17 34 92  9 71 71 93 76 11 61 93 84  8 94 19  2  9  9 76 91 25 76 28  3 23 93 40 79 95 58 48 60 33 42 53 96 18 34 39 90 23 78 47 69 77 92 56 71 57 32 71 92 11 32 62 12  7 47 15 59 98 55  8 18 65 27 75  8 53 33 12 54 40 67 72 14 88 62 38 47 19 43 53 12 44 74 93 36 98 76 26 63 87 73 25 72 62 21 46  7 38 59  5 81 14  7 93 66 58 11 44 10 18  9 73 96 61 67 87 98 38 74 36  6 41 45 73 20 35 54 13 73 39 81 80 29 44 50 30  4  4 83 31 79 72 67 61 50  9 59 83 88 63 57 62 33 26 95 11 36 29 55 63 81  5 45 44 12 95 98 80 65 82 42  4 38 97 93 33 55 82 34 16 13 76 40 80 64 78 83 41 69 81 84 40 78 72 62 10 74  2 28 89 79 34 43 17 32 66 67 24 67 83 64 21 93 47 31 40  1 68 37 91 15 40  5 13 98 87 72  6 21 63 76 61 19 74 13 84 76 27 74 44 84 30 39 41 94 53 65 53 34 89 27 88 42 95 27 69 85 35 88  1 17 63 78 44 67  4 75 37 81 40 14 17 48 17 33  1  9 35 68 38 68 29 90 15 61 32 39 46 75 92 17 66 25 43 98 68 14 55 74 62 94 80 44 59 59 54 32 87 81 70 62 24 61 91 69 50
 46 32 76 71 45 62 23 66 27 80 33 46 45 84 50 85 57 22 77 91 43 72 44 62 92 50  2 44 30 26 69 23 19  9 66 62 69 70 78 35 84 14 96 46 74 98 15 82 48  3 92  1 12 61  2 46 75 59 87 29  6 88 18 89 37 67 57 60 74  8 28 22 75 18  5 57 82 28 10 35 84 67 87 17 71 95 93 90 30 63  3 41 56 27 46 94 98 16 49 88 15 15 65 86 29 85 73 29 98 54 90 12 47 62 44 47 75 42 29 72 25 97 45 83 83 29  6 24 95 55 41 38 47 51 47 17 46 28 41  7 68 30 63 10 95 70 19 92 70 65 81 39 72 21 28 40 80 26  2 81  4 80  8 34 60 65  9 73 93 67 30 73 44 79 66 99 89 62 40 30  2 77  6 98 62 50 53 10 93 82 23 69 41 48  2 61 75 48 36  3 31 53 18 31 32 53 73 49 64 66  7 79 36 77 79 93 92 25 94 92 68 87 58 81 96 78 34 41  1 75 55 35 29 68 48 56  8 64 40 23 43 79 64 16 69 64 47 81  2 34 23 95 50 26 27 86  7 67  1 37 94 70 36 37 51 47 83 59  3 51 52 13  5 32 54 81 15  7 72 50 65 76 95 67 67  3 46 74 10 43 32 30 64 93 40 43 85 32 78 15 82 94 70 19  2 41 41  5 90 45 79 54 49 61  3 56 55 27 57  2  8 96 36 93 19 86 38 36 82 14 46 72 49 20 36 95 63 14 14 85 64  3 75 93 58 34 84 36 16 37 26 26 83 43 24 44 72 80  8 33 21 63 50  6 43 63 43 61 42 41  6 16 10 54  3 10 64 77 13 10 64 89 29 90 58 81 43 61 77 68 44 68 64 81 50 32  9 22  1  3 84 31 88 34 46 33 66 59 78 84 64 75 56 24 30 34 52 60 39  7 91 82 38 12  2 31 31 54 87 15 53 84 11 13 42 41 27 83 61  2 52  7 53 96 34 92 75 40 52 38 90 30 83 39 63 34 87 55 88 97 87 78 49 83 54 16 15 29 16 34 55 80 90 31 88  3 41 34 66 95 26 12 69 77 31 38 80 50  9 96 74 36 56 89 33 31 21 76 75 76
 69 97 87 22 31  1 80 31 12 32 92 55 86 22 43 68 78 42 44  3 93 43 38 18 77 44 61 84 29 20 57  3  5  9 35 98 56 14 91  7 62 51 58 99 10 66 80 88 11 79 58 38 93 51 51 75 23 46 98 73 91 77 38 57 35 54 79 36 49 68 10 33 23 92 86 97 66 41 71 52 97 10 78 16 88 32 66 77 41 96 88 27 14 61 25 93 55 93 52 97 42 95 12 33 54  4 46 12 28 80 21  6 52 87 28 80 64 45  5 32 41 15 38 80 44  9 59 65 49 42 38 45 34 33 61 65 35 32 27 66 67 71 28 92 94 79 45 56 33 51 55 62 94 72 79  8 90  6 84 72 99 98 67 82  9 95 32 27 69  3  9 12 12 45  6 74 45 79 98 84 55 19 32 42 11 73  3 26 24 54 27 52 66 53 82 38 31 72 64 90 93 56  5 14 83 13 90  1 99 13  6 38 93 70 13 48 48  9 20 80 42 73  1 36 83 40 56 52 94 57 33 76 26 17 82  9 89 45 16  2 41 87 91 38 31 41 36 48 50 51 90  1 36 47 26 64 61 55 19 40 34 20 58 90 66 35 47  7 30 74 70 91 76 19 99  6 10 64 69 96 40 43 54 50 96 32  4 42 56 90 26 14 58 27 43 87 81 98 98  1 24 98 92 41 78 52 88 66 40  7 87 59 44 75 45 58 57 94 82 47 24 12 63 87 40 28 75 14  3 83 12 21 82 27 59 17 14 90 99 79 48  3 80 60 13 52 16 62 43 20 71 83 39 77 77 38 20 60 10 26 80 32 23 63  1 51 39 28 73 63 94 71 47 33 64 96 88 80 37 70 33 90 55 22 32 41 52 68 41  8 91 23 33 46 48 78 55 66  2 37 34 96 65 62 90 48 91 28 17 75 89 35  4 71 61 87  3 61 71 24 15 13 56 72 24 72  3 32  8 13 50 14 78 66 22 87 34 30 29  9 95 58 87 21 43 29 68 31 90 95 90 48 55 78  5 66 85 37 14 85 48 67 22 26  6 31 48 10 40 98 63 78 73 25 38 67 62 30 40 86 99  7 35 80 25 69 70 86 17 26  7 91  4 90 62 37  3 28 90 24
 90  9  8 15 69 95 76 41 24 98 72 53 23 74 17 50 85 54 52 18  1 56  3 35 94 58  8 69 49 18 92 54 41 36 27 76 66 26 44 52 42  1 21 69 78 35 23 80 85 61 48 35 75 56 28 94 11 52  4  8 80 34 73 12 93 92  1 95 98 26 50 18 89 84 26 31  3 65 50 97 77 12 39 15 14 93 95 35 90 47 62 24 78 29 17 53 76 31  3 35 84 14 12 73  8 22 79 46  1 98 25 82 63 11  6  7 26  7 50 25 99 33 85 93  9 14 95 60 36 67 47 62 61 26 65 39 74 26 57 65 61 31 12 34 69 16 73 88 96 99 27 39 78 96 29  8 81 95 94  4 75 21  5 63  6 81 77 61 47 79 95 93 81 32 83 86 34 55 28 82 48 79 82 31 21 62  9 35 84 46 74 42 15 55 79 65 99 70 62 58 20 63 83 55 43 63 42 49  6 58 71 25 52 43 21 70 14 85 41 11 10 56 13 94 50 17 91 12 31 20 81 62 50 89 49 88  3 93 13 83 23 67 48  5 13 27 96 94 25 31  9 56  5 64 92 25 96 34 13 43 96 25 95 10 56 20 52 90 30 32 45 89  4 71  6 92 56 70 34 15  6 77 23 62 93 10 14 86 92 58  4 71 11  9 56 47 73  1 98  2 79 59 16  6 31 11  8 44 10 77 67 89 52 39 36 32 77 62 35 45 70 59 29 68 62 59 31 98 28  8 75 27 64 44  3 36 79 10 61  7 52 83 17 75 52  7 56 52 32  9  9  9 53  7 79 72 13 85 38 93 41 55 94 21 33 33 54 32 29 33 86  8 80 52 86 68 57 79 72 91 78 33 40 43 53 15 31 70 35 14  1 43  6 55  7 92  7 65 84 92 70 76  6  6  8 44 19 27 74 66 31 19 14 56  8 11  4 65 25 36 89 22  7  4 56 56 71 29 33  6  4 82 39  1 79 28 17 42 93 12 38 92 60  8 62 82 61 81 18 24 57 18 23 46 98 75 62 75 47 50 72  1 10 52 76 20 37 12  3 74 58 58 53 80 84 56 90 89 55 25  7  4 29 89 59 45 85  9 47 94  8 88 71 89 28 17 50 88 20 78
 83 32 17 46 83 70 46 36 21 42 16 37 91 86 11  6 57 95 27  1 15 87 88 92 63 26 27 81 71 26 21 33  1 62 47 57 76 77 37 33 99 57 20  1 43 92 45  4 31 60 77 64 31 42 14 86 81 41 66 90 10  6 39 49 40 45 62 72 89 45 42 12 26 68 49 79  5 83 98 61 34 52 54 57  8 72  7 22 74 67  3 16  7 35 61 51 99 14 94 18 67 54 52 14 67 27 94  1 47 62 48  1 98 56 58 54 22 21 66 59 26 60 51 64 18 36 55  7 22 44 65 65 50 63 14  9 39 73 73 53 52 10 71 28 41 53 66 26 64 42 50 61  6 79 13 67 69 26 98 60 65 26 95  6 46 68 90 14 94 50 39 90 17 92 11 89 27 24 59 38 12 19 58 21 17 79 44 27 26 65 19 73 72 18 52 14 20 75 94 48 35 82 88 13 24 82 36 75 10 36 44 92 74 85 55 11 42 67 10 83 81 82 14 60 31 12 34  8 15 15 31 46 94 40 25 90 13 70 39 27 45 17 90 27 89 38 48  6 77 61 66 90 95 70 59 17 33 87 94 91 24  4  2 77 12 14  6 22 65 75 34  9 14 67 69 35 79  4 12 23 31 42 77 39 90 95 59 76 28 71 42 59 33 23 47 91  3 22  8  8 26 21 48 88 23 42 68 38 11 79 11 18 67  3 38 63 17  1 77 72 65 29 61 25 65 95 44 82 72 34 73 19 23 61 74 61 86 22 98 31 70 51  4 75 32 99 90 25 81 50  2 27 17 96 95 31 31 43 79  2 22 62 37 12 72 25 29 79 57 22 75 73 62 79 37 74 57 37  3 67 47 36 23 21 11 89 38 26  3 16 22 68 23 52 80 29 63 77 90 16 63 96 14 86 19 63 20 97 56 25 95 51 83 66 98 48 29 89 98 62 36 40 69 87 90 26 32 38 23  9 47 12 56 90 35 54 59 43  1 96 20 83 18 59 44 58 30 72 50  1 26 86  8 49 20  2 92 86  5 36 75 12 26 13 54 64 13  9 58 56 54 72 21 47 57 25 84 75 14 88 53 48  9  5 88 58 96 67 88 33 71 38 15 87 45 93  9 64 66 93